EXPLAIN
TAG	EISPOT
TITLE	LABEL	Potentiostatic EIS inhibitor_5mM.DTA	Test &Identifier
DATE	LABEL	9/24/2026	Date
TIME	LABEL	10:21:00	Time
NOTES	NOTES	1	&Notes...
	Synthetic example data generated by make_example_data.py
PSTAT	PSTAT	REF600-00000	Potentiostat
VDC	POTEN	0,000000E+00	T	DC &Voltage (V)
FREQINIT	QUANT	1,000000E+05	&Initial Freq. (Hz)
FREQFINAL	QUANT	1,000000E-02	&Final Freq. (Hz)
PTSPERDEC	QUANT	1,000000E+01	&Points/decade
VACAMPL	QUANT	1,000000E+01	AC &Voltage (mV rms)
AREA	QUANT	1,000000E+00	&Area (cm^2)
EOC	QUANT	-4,550000E-01	Open Circuit (V)
OCVCURVE	TABLE	5
	Pt	T	Vf	Vm	Ach	Over	Temp
	#	s	V vs. Ref.	V	V	bits	deg C
	0	0,000000E+00	-4,555361E-01	-4,555361E-01	0,000000E+00	...........	2,500000E+01
	1	5,000000E-01	-4,546428E-01	-4,546428E-01	0,000000E+00	...........	2,500000E+01
	2	1,000000E+00	-4,540014E-01	-4,540014E-01	0,000000E+00	...........	2,500000E+01
	3	1,500000E+00	-4,555883E-01	-4,555883E-01	0,000000E+00	...........	2,500000E+01
	4	2,000000E+00	-4,554187E-01	-4,554187E-01	0,000000E+00	...........	2,500000E+01
ZCURVE	TABLE
	Pt	Time	Freq	Zreal	Zimag	Zsig	Zmod	Zphz	Idc	Vdc	IERange
	#	s	Hz	ohm	ohm	V	ohm	°	A	V	#
	0	1,000000E+00	1,000000E+05	2,051463E+00	-2,973766E-01	1,000000E+00	2,072904E+00	-8,248049E+00	1,000000E-07	-4,550000E-01	6
	1	2,000000E+00	7,943282E+04	2,063395E+00	-3,674401E-01	1,000000E+00	2,095855E+00	-1,009713E+01	1,000000E-07	-4,550000E-01	6
	2	3,000000E+00	6,309573E+04	2,086085E+00	-4,442198E-01	1,000000E+00	2,132857E+00	-1,202125E+01	1,000000E-07	-4,550000E-01	6
	3	4,000000E+00	5,011872E+04	2,090045E+00	-5,514366E-01	1,000000E+00	2,161567E+00	-1,478008E+01	1,000000E-07	-4,550000E-01	6
	4	5,000000E+00	3,981072E+04	2,102661E+00	-6,755999E-01	1,000000E+00	2,208533E+00	-1,781258E+01	1,000000E-07	-4,550000E-01	6
	5	6,000000E+00	3,162278E+04	2,154321E+00	-8,439702E-01	1,000000E+00	2,313739E+00	-2,139310E+01	1,000000E-07	-4,550000E-01	6
	6	7,000000E+00	2,511886E+04	2,177613E+00	-1,020523E+00	1,000000E+00	2,404884E+00	-2,510980E+01	1,000000E-07	-4,550000E-01	6
	7	8,000000E+00	1,995262E+04	2,238399E+00	-1,247401E+00	1,000000E+00	2,562506E+00	-2,912978E+01	1,000000E-07	-4,550000E-01	6
	8	9,000000E+00	1,584893E+04	2,290216E+00	-1,562599E+00	1,000000E+00	2,772509E+00	-3,430546E+01	1,000000E-07	-4,550000E-01	6
	9	1,000000E+01	1,258925E+04	2,360173E+00	-1,914794E+00	1,000000E+00	3,039219E+00	-3,905221E+01	1,000000E-07	-4,550000E-01	6
	10	1,100000E+01	1,000000E+04	2,464358E+00	-2,316080E+00	1,000000E+00	3,381906E+00	-4,322339E+01	1,000000E-07	-4,550000E-01	6
	11	1,200000E+01	7,943282E+03	2,616704E+00	-2,861502E+00	1,000000E+00	3,877542E+00	-4,755860E+01	1,000000E-07	-4,550000E-01	6
	12	1,300000E+01	6,309573E+03	2,789038E+00	-3,470895E+00	1,000000E+00	4,452622E+00	-5,121637E+01	1,000000E-07	-4,550000E-01	6
	13	1,400000E+01	5,011872E+03	2,969649E+00	-4,276870E+00	1,000000E+00	5,206768E+00	-5,522578E+01	1,000000E-07	-4,550000E-01	6
	14	1,500000E+01	3,981072E+03	3,254594E+00	-5,162246E+00	1,000000E+00	6,102554E+00	-5,777017E+01	1,000000E-07	-4,550000E-01	6
	15	1,600000E+01	3,162278E+03	3,650238E+00	-6,308913E+00	1,000000E+00	7,288801E+00	-5,994700E+01	1,000000E-07	-4,550000E-01	6
	16	1,700000E+01	2,511886E+03	4,066794E+00	-7,630681E+00	1,000000E+00	8,646740E+00	-6,194448E+01	1,000000E-07	-4,550000E-01	6
	17	1,800000E+01	1,995262E+03	4,722045E+00	-9,142304E+00	1,000000E+00	1,028977E+01	-6,268343E+01	1,000000E-07	-4,550000E-01	6
	18	1,900000E+01	1,584893E+03	5,481030E+00	-1,106220E+01	1,000000E+00	1,234560E+01	-6,364279E+01	1,000000E-07	-4,550000E-01	6
	19	2,000000E+01	1,258925E+03	6,461933E+00	-1,323903E+01	1,000000E+00	1,473188E+01	-6,398312E+01	1,000000E-07	-4,550000E-01	6
	20	2,100000E+01	1,000000E+03	7,555038E+00	-1,569552E+01	1,000000E+00	1,741918E+01	-6,429617E+01	1,000000E-07	-4,550000E-01	6
	21	2,200000E+01	7,943282E+02	8,876641E+00	-1,850074E+01	1,000000E+00	2,052005E+01	-6,436835E+01	1,000000E-07	-4,550000E-01	6
	22	2,300000E+01	6,309573E+02	1,044041E+01	-2,203063E+01	1,000000E+00	2,437931E+01	-6,464352E+01	1,000000E-07	-4,550000E-01	6
	23	2,400000E+01	5,011872E+02	1,240805E+01	-2,571270E+01	1,000000E+00	2,855001E+01	-6,423967E+01	1,000000E-07	-4,550000E-01	6
	24	2,500000E+01	3,981072E+02	1,466172E+01	-3,046608E+01	1,000000E+00	3,381047E+01	-6,430094E+01	1,000000E-07	-4,550000E-01	6
	25	2,600000E+01	3,162278E+02	1,721591E+01	-3,568299E+01	1,000000E+00	3,961897E+01	-6,424417E+01	1,000000E-07	-4,550000E-01	6
	26	2,700000E+01	2,511886E+02	2,060865E+01	-4,284902E+01	1,000000E+00	4,754740E+01	-6,431432E+01	1,000000E-07	-4,550000E-01	6
	27	2,800000E+01	1,995262E+02	2,405008E+01	-5,039228E+01	1,000000E+00	5,583716E+01	-6,448685E+01	1,000000E-07	-4,550000E-01	6
	28	2,900000E+01	1,584893E+02	2,787597E+01	-6,001426E+01	1,000000E+00	6,617236E+01	-6,508564E+01	1,000000E-07	-4,550000E-01	6
	29	3,000000E+01	1,258925E+02	3,358366E+01	-7,098334E+01	1,000000E+00	7,852704E+01	-6,468022E+01	1,000000E-07	-4,550000E-01	6
	30	3,100000E+01	1,000000E+02	4,002681E+01	-8,386777E+01	1,000000E+00	9,292981E+01	-6,448668E+01	1,000000E-07	-4,550000E-01	6
	31	3,200000E+01	7,943282E+01	4,855701E+01	-9,962401E+01	1,000000E+00	1,108275E+02	-6,401527E+01	1,000000E-07	-4,550000E-01	6
	32	3,300000E+01	6,309573E+01	5,965767E+01	-1,178403E+02	1,000000E+00	1,320810E+02	-6,314880E+01	1,000000E-07	-4,550000E-01	6
	33	3,400000E+01	5,011872E+01	7,391702E+01	-1,386817E+02	1,000000E+00	1,571507E+02	-6,194249E+01	1,000000E-07	-4,550000E-01	6
	34	3,500000E+01	3,981072E+01	9,121219E+01	-1,619850E+02	1,000000E+00	1,858999E+02	-6,061655E+01	1,000000E-07	-4,550000E-01	6
	35	3,600000E+01	3,162278E+01	1,153158E+02	-1,889511E+02	1,000000E+00	2,213600E+02	-5,860451E+01	1,000000E-07	-4,550000E-01	6
	36	3,700000E+01	2,511886E+01	1,421570E+02	-2,149258E+02	1,000000E+00	2,576852E+02	-5,651841E+01	1,000000E-07	-4,550000E-01	6
	37	3,800000E+01	1,995262E+01	1,793231E+02	-2,429035E+02	1,000000E+00	3,019253E+02	-5,356346E+01	1,000000E-07	-4,550000E-01	6
	38	3,900000E+01	1,584893E+01	2,265653E+02	-2,698901E+02	1,000000E+00	3,523812E+02	-4,998747E+01	1,000000E-07	-4,550000E-01	6
	39	4,000000E+01	1,258925E+01	2,744706E+02	-2,926930E+02	1,000000E+00	4,012522E+02	-4,684023E+01	1,000000E-07	-4,550000E-01	6
	40	4,100000E+01	1,000000E+01	3,344765E+02	-3,102273E+02	1,000000E+00	4,561968E+02	-4,284595E+01	1,000000E-07	-4,550000E-01	6
	41	4,200000E+01	7,943282E+00	3,943082E+02	-3,157521E+02	1,000000E+00	5,051518E+02	-3,868687E+01	1,000000E-07	-4,550000E-01	6
	42	4,300000E+01	6,309573E+00	4,592424E+02	-3,199249E+02	1,000000E+00	5,596924E+02	-3,486246E+01	1,000000E-07	-4,550000E-01	6
	43	4,400000E+01	5,011872E+00	5,199585E+02	-3,110724E+02	1,000000E+00	6,059067E+02	-3,089056E+01	1,000000E-07	-4,550000E-01	6
	44	4,500000E+01	3,981072E+00	5,772371E+02	-2,948782E+02	1,000000E+00	6,481943E+02	-2,705995E+01	1,000000E-07	-4,550000E-01	6
	45	4,600000E+01	3,162278E+00	6,265264E+02	-2,724441E+02	1,000000E+00	6,831992E+02	-2,350174E+01	1,000000E-07	-4,550000E-01	6
	46	4,700000E+01	2,511886E+00	6,732945E+02	-2,463667E+02	1,000000E+00	7,169533E+02	-2,009819E+01	1,000000E-07	-4,550000E-01	6
	47	4,800237E+01	1,995262E+00	7,053461E+02	-2,173434E+02	1,000000E+00	7,380727E+02	-1,712602E+01	1,000000E-07	-4,550000E-01	6
	48	4,926429E+01	1,584893E+00	7,387090E+02	-1,872930E+02	1,000000E+00	7,620825E+02	-1,422703E+01	1,000000E-07	-4,550000E-01	6
	49	5,085295E+01	1,258925E+00	7,628555E+02	-1,600557E+02	1,000000E+00	7,794654E+02	-1,184942E+01	1,000000E-07	-4,550000E-01	6
	50	5,285295E+01	1,000000E+00	7,784749E+02	-1,372873E+02	1,000000E+00	7,904878E+02	-1,000151E+01	1,000000E-07	-4,550000E-01	6
	51	5,537080E+01	7,943282E-01	7,902598E+02	-1,188913E+02	1,000000E+00	7,991531E+02	-8,555745E+00	1,000000E-07	-4,550000E-01	6
	52	5,854058E+01	6,309573E-01	8,033846E+02	-9,519912E+01	1,000000E+00	8,090054E+02	-6,757897E+00	1,000000E-07	-4,550000E-01	6
	53	6,253111E+01	5,011872E-01	8,092428E+02	-7,990580E+01	1,000000E+00	8,131782E+02	-5,639188E+00	1,000000E-07	-4,550000E-01	6
	54	6,755488E+01	3,981072E-01	8,197933E+02	-6,936545E+01	1,000000E+00	8,227226E+02	-4,836467E+00	1,000000E-07	-4,550000E-01	6
	55	7,387944E+01	3,162278E-01	8,157489E+02	-5,958473E+01	1,000000E+00	8,179221E+02	-4,177635E+00	1,000000E-07	-4,550000E-01	6
	56	8,184158E+01	2,511886E-01	8,246420E+02	-4,601069E+01	1,000000E+00	8,259246E+02	-3,193492E+00	1,000000E-07	-4,550000E-01	6
	57	9,186532E+01	1,995262E-01	8,222756E+02	-3,914325E+01	1,000000E+00	8,232067E+02	-2,725426E+00	1,000000E-07	-4,550000E-01	6
	58	1,044845E+02	1,584893E-01	8,263927E+02	-3,785008E+01	1,000000E+00	8,272591E+02	-2,622404E+00	1,000000E-07	-4,550000E-01	6
	59	1,203710E+02	1,258925E-01	8,378996E+02	-2,763894E+01	1,000000E+00	8,383553E+02	-1,889273E+00	1,000000E-07	-4,550000E-01	6
	60	1,403710E+02	1,000000E-01	8,379315E+02	-2,185967E+01	1,000000E+00	8,382166E+02	-1,494374E+00	1,000000E-07	-4,550000E-01	6
	61	1,655495E+02	7,943282E-02	8,338147E+02	-2,185729E+01	1,000000E+00	8,341012E+02	-1,501585E+00	1,000000E-07	-4,550000E-01	6
	62	1,972474E+02	6,309573E-02	8,322261E+02	-1,498273E+01	1,000000E+00	8,323610E+02	-1,031396E+00	1,000000E-07	-4,550000E-01	6
	63	2,371527E+02	5,011872E-02	8,281621E+02	-1,781768E+01	1,000000E+00	8,283538E+02	-1,232513E+00	1,000000E-07	-4,550000E-01	6
	64	2,873904E+02	3,981072E-02	8,369650E+02	-6,235379E+00	1,000000E+00	8,369882E+02	-4,268450E-01	1,000000E-07	-4,550000E-01	6
	65	3,506359E+02	3,162278E-02	8,474773E+02	-4,687956E+00	1,000000E+00	8,474902E+02	-3,169376E-01	1,000000E-07	-4,550000E-01	6
	66	4,302574E+02	2,511886E-02	8,412721E+02	-8,201279E+00	1,000000E+00	8,413121E+02	-5,585396E-01	1,000000E-07	-4,550000E-01	6
	67	5,304948E+02	1,995262E-02	8,383090E+02	-4,868268E+00	1,000000E+00	8,383232E+02	-3,327270E-01	1,000000E-07	-4,550000E-01	6
	68	6,566863E+02	1,584893E-02	8,420649E+02	-1,314600E+01	1,000000E+00	8,421676E+02	-8,944071E-01	1,000000E-07	-4,550000E-01	6
	69	8,155519E+02	1,258925E-02	8,355087E+02	-8,066340E+00	1,000000E+00	8,355476E+02	-5,531395E-01	1,000000E-07	-4,550000E-01	6
	70	1,015552E+03	1,000000E-02	8,399703E+02	-4,448470E+00	1,000000E+00	8,399821E+02	-3,034348E-01	1,000000E-07	-4,550000E-01	6
EXPERIMENTABORTED	TOGGLE	F	Experiment Aborted
