EXPLAIN
TAG	EISPOT
TITLE	LABEL	Potentiostatic EIS inhibitor_0.1mM.DTA	Test &Identifier
DATE	LABEL	9/24/2026	Date
TIME	LABEL	10:07:00	Time
NOTES	NOTES	1	&Notes...
	Synthetic example data generated by make_example_data.py
PSTAT	PSTAT	REF600-00000	Potentiostat
VDC	POTEN	0.000000E+00	T	DC &Voltage (V)
FREQINIT	QUANT	1.000000E+05	&Initial Freq. (Hz)
FREQFINAL	QUANT	1.000000E-02	&Final Freq. (Hz)
PTSPERDEC	QUANT	1.000000E+01	&Points/decade
VACAMPL	QUANT	1.000000E+01	AC &Voltage (mV rms)
AREA	QUANT	1.000000E+00	&Area (cm^2)
EOC	QUANT	-4.680000E-01	Open Circuit (V)
OCVCURVE	TABLE	5
	Pt	T	Vf	Vm	Ach	Over	Temp
	#	s	V vs. Ref.	V	V	bits	deg C
	0	0.000000E+00	-4.680517E-01	-4.680517E-01	0.000000E+00	...........	2.500000E+01
	1	5.000000E-01	-4.681260E-01	-4.681260E-01	0.000000E+00	...........	2.500000E+01
	2	1.000000E+00	-4.679237E-01	-4.679237E-01	0.000000E+00	...........	2.500000E+01
	3	1.500000E+00	-4.672643E-01	-4.672643E-01	0.000000E+00	...........	2.500000E+01
	4	2.000000E+00	-4.692833E-01	-4.692833E-01	0.000000E+00	...........	2.500000E+01
ZCURVE	TABLE
	Pt	Time	Freq	Zreal	Zimag	Zsig	Zmod	Zphz	Idc	Vdc	IERange
	#	s	Hz	ohm	ohm	V	ohm	°	A	V	#
	0	1.000000E+00	1.000000E+05	1.918621E+00	-8.305973E-02	1.000000E+00	1.920418E+00	-2.478865E+00	1.000000E-07	-4.680000E-01	6
	1	2.000000E+00	7.943282E+04	1.932188E+00	-1.049293E-01	1.000000E+00	1.935035E+00	-3.108447E+00	1.000000E-07	-4.680000E-01	6
	2	3.000000E+00	6.309573E+04	1.930387E+00	-1.228135E-01	1.000000E+00	1.934290E+00	-3.640319E+00	1.000000E-07	-4.680000E-01	6
	3	4.000000E+00	5.011872E+04	1.934272E+00	-1.453638E-01	1.000000E+00	1.939727E+00	-4.297796E+00	1.000000E-07	-4.680000E-01	6
	4	5.000000E+00	3.981072E+04	1.935131E+00	-1.776827E-01	1.000000E+00	1.943271E+00	-5.246158E+00	1.000000E-07	-4.680000E-01	6
	5	6.000000E+00	3.162278E+04	1.939449E+00	-2.262664E-01	1.000000E+00	1.952603E+00	-6.654346E+00	1.000000E-07	-4.680000E-01	6
	6	7.000000E+00	2.511886E+04	1.960207E+00	-2.640601E-01	1.000000E+00	1.977913E+00	-7.672145E+00	1.000000E-07	-4.680000E-01	6
	7	8.000000E+00	1.995262E+04	1.977596E+00	-3.201295E-01	1.000000E+00	2.003339E+00	-9.195168E+00	1.000000E-07	-4.680000E-01	6
	8	9.000000E+00	1.584893E+04	2.009444E+00	-3.710007E-01	1.000000E+00	2.043406E+00	-1.046064E+01	1.000000E-07	-4.680000E-01	6
	9	1.000000E+01	1.258925E+04	2.016951E+00	-4.604245E-01	1.000000E+00	2.068836E+00	-1.285900E+01	1.000000E-07	-4.680000E-01	6
	10	1.100000E+01	1.000000E+04	2.049635E+00	-5.859215E-01	1.000000E+00	2.131738E+00	-1.595345E+01	1.000000E-07	-4.680000E-01	6
	11	1.200000E+01	7.943282E+03	2.068021E+00	-7.060113E-01	1.000000E+00	2.185215E+00	-1.884963E+01	1.000000E-07	-4.680000E-01	6
	12	1.300000E+01	6.309573E+03	2.099682E+00	-8.684854E-01	1.000000E+00	2.272209E+00	-2.247131E+01	1.000000E-07	-4.680000E-01	6
	13	1.400000E+01	5.011872E+03	2.147936E+00	-1.045054E+00	1.000000E+00	2.388675E+00	-2.594471E+01	1.000000E-07	-4.680000E-01	6
	14	1.500000E+01	3.981072E+03	2.207159E+00	-1.259941E+00	1.000000E+00	2.541456E+00	-2.971958E+01	1.000000E-07	-4.680000E-01	6
	15	1.600000E+01	3.162278E+03	2.308613E+00	-1.521562E+00	1.000000E+00	2.764931E+00	-3.338810E+01	1.000000E-07	-4.680000E-01	6
	16	1.700000E+01	2.511886E+03	2.362395E+00	-1.873370E+00	1.000000E+00	3.015033E+00	-3.841429E+01	1.000000E-07	-4.680000E-01	6
	17	1.800000E+01	1.995262E+03	2.491370E+00	-2.273352E+00	1.000000E+00	3.372692E+00	-4.238016E+01	1.000000E-07	-4.680000E-01	6
	18	1.900000E+01	1.584893E+03	2.600191E+00	-2.782087E+00	1.000000E+00	3.808019E+00	-4.693559E+01	1.000000E-07	-4.680000E-01	6
	19	2.000000E+01	1.258925E+03	2.796730E+00	-3.339810E+00	1.000000E+00	4.356149E+00	-5.005747E+01	1.000000E-07	-4.680000E-01	6
	20	2.100000E+01	1.000000E+03	2.996741E+00	-4.069403E+00	1.000000E+00	5.053760E+00	-5.363177E+01	1.000000E-07	-4.680000E-01	6
	21	2.200000E+01	7.943282E+02	3.247240E+00	-4.920026E+00	1.000000E+00	5.895017E+00	-5.657500E+01	1.000000E-07	-4.680000E-01	6
	22	2.300000E+01	6.309573E+02	3.580623E+00	-5.969379E+00	1.000000E+00	6.960916E+00	-5.904333E+01	1.000000E-07	-4.680000E-01	6
	23	2.400000E+01	5.011872E+02	3.980316E+00	-7.197924E+00	1.000000E+00	8.225146E+00	-6.105824E+01	1.000000E-07	-4.680000E-01	6
	24	2.500000E+01	3.981072E+02	4.555965E+00	-8.765506E+00	1.000000E+00	9.878811E+00	-6.253637E+01	1.000000E-07	-4.680000E-01	6
	25	2.600000E+01	3.162278E+02	5.206409E+00	-1.056379E+01	1.000000E+00	1.177711E+01	-6.376342E+01	1.000000E-07	-4.680000E-01	6
	26	2.700000E+01	2.511886E+02	6.049270E+00	-1.251984E+01	1.000000E+00	1.390467E+01	-6.421133E+01	1.000000E-07	-4.680000E-01	6
	27	2.800000E+01	1.995262E+02	7.187843E+00	-1.526841E+01	1.000000E+00	1.687570E+01	-6.479055E+01	1.000000E-07	-4.680000E-01	6
	28	2.900000E+01	1.584893E+02	8.793927E+00	-1.826105E+01	1.000000E+00	2.026818E+01	-6.428605E+01	1.000000E-07	-4.680000E-01	6
	29	3.000000E+01	1.258925E+02	1.089948E+01	-2.147709E+01	1.000000E+00	2.408452E+01	-6.309250E+01	1.000000E-07	-4.680000E-01	6
	30	3.100000E+01	1.000000E+02	1.333291E+01	-2.531699E+01	1.000000E+00	2.861322E+01	-6.222696E+01	1.000000E-07	-4.680000E-01	6
	31	3.200000E+01	7.943282E+01	1.663795E+01	-3.031846E+01	1.000000E+00	3.458367E+01	-6.124322E+01	1.000000E-07	-4.680000E-01	6
	32	3.300000E+01	6.309573E+01	2.101096E+01	-3.516176E+01	1.000000E+00	4.096107E+01	-5.913951E+01	1.000000E-07	-4.680000E-01	6
	33	3.400000E+01	5.011872E+01	2.670381E+01	-4.027365E+01	1.000000E+00	4.832246E+01	-5.645327E+01	1.000000E-07	-4.680000E-01	6
	34	3.500000E+01	3.981072E+01	3.335034E+01	-4.522995E+01	1.000000E+00	5.619603E+01	-5.359676E+01	1.000000E-07	-4.680000E-01	6
	35	3.600000E+01	3.162278E+01	4.150986E+01	-5.084099E+01	1.000000E+00	6.563440E+01	-5.076959E+01	1.000000E-07	-4.680000E-01	6
	36	3.700000E+01	2.511886E+01	5.169791E+01	-5.484969E+01	1.000000E+00	7.537348E+01	-4.669437E+01	1.000000E-07	-4.680000E-01	6
	37	3.800000E+01	1.995262E+01	6.245604E+01	-5.746870E+01	1.000000E+00	8.487290E+01	-4.261860E+01	1.000000E-07	-4.680000E-01	6
	38	3.900000E+01	1.584893E+01	7.458896E+01	-5.890629E+01	1.000000E+00	9.504454E+01	-3.829976E+01	1.000000E-07	-4.680000E-01	6
	39	4.000000E+01	1.258925E+01	8.593583E+01	-5.875949E+01	1.000000E+00	1.041040E+02	-3.436277E+01	1.000000E-07	-4.680000E-01	6
	40	4.100000E+01	1.000000E+01	9.668682E+01	-5.645590E+01	1.000000E+00	1.119625E+02	-3.028086E+01	1.000000E-07	-4.680000E-01	6
	41	4.200000E+01	7.943282E+00	1.069544E+02	-5.340691E+01	1.000000E+00	1.195473E+02	-2.653491E+01	1.000000E-07	-4.680000E-01	6
	42	4.300000E+01	6.309573E+00	1.174723E+02	-4.822038E+01	1.000000E+00	1.269840E+02	-2.231732E+01	1.000000E-07	-4.680000E-01	6
	43	4.400000E+01	5.011872E+00	1.251020E+02	-4.306276E+01	1.000000E+00	1.323061E+02	-1.899455E+01	1.000000E-07	-4.680000E-01	6
	44	4.500000E+01	3.981072E+00	1.302288E+02	-3.749957E+01	1.000000E+00	1.355203E+02	-1.606384E+01	1.000000E-07	-4.680000E-01	6
	45	4.600000E+01	3.162278E+00	1.349703E+02	-3.282279E+01	1.000000E+00	1.389040E+02	-1.366817E+01	1.000000E-07	-4.680000E-01	6
	46	4.700000E+01	2.511886E+00	1.397977E+02	-2.751565E+01	1.000000E+00	1.424799E+02	-1.113490E+01	1.000000E-07	-4.680000E-01	6
	47	4.800237E+01	1.995262E+00	1.412524E+02	-2.295194E+01	1.000000E+00	1.431049E+02	-9.229265E+00	1.000000E-07	-4.680000E-01	6
	48	4.926429E+01	1.584893E+00	1.436082E+02	-1.971233E+01	1.000000E+00	1.449548E+02	-7.815845E+00	1.000000E-07	-4.680000E-01	6
	49	5.085295E+01	1.258925E+00	1.462212E+02	-1.637096E+01	1.000000E+00	1.471348E+02	-6.388246E+00	1.000000E-07	-4.680000E-01	6
	50	5.285295E+01	1.000000E+00	1.469243E+02	-1.379167E+01	1.000000E+00	1.475702E+02	-5.362596E+00	1.000000E-07	-4.680000E-01	6
	51	5.537080E+01	7.943282E-01	1.481648E+02	-1.149161E+01	1.000000E+00	1.486098E+02	-4.434961E+00	1.000000E-07	-4.680000E-01	6
	52	5.854058E+01	6.309573E-01	1.488504E+02	-9.962064E+00	1.000000E+00	1.491834E+02	-3.828906E+00	1.000000E-07	-4.680000E-01	6
	53	6.253111E+01	5.011872E-01	1.497559E+02	-7.701542E+00	1.000000E+00	1.499538E+02	-2.943974E+00	1.000000E-07	-4.680000E-01	6
	54	6.755488E+01	3.981072E-01	1.508720E+02	-6.582527E+00	1.000000E+00	1.510155E+02	-2.498224E+00	1.000000E-07	-4.680000E-01	6
	55	7.387944E+01	3.162278E-01	1.504524E+02	-4.127920E+00	1.000000E+00	1.505090E+02	-1.571614E+00	1.000000E-07	-4.680000E-01	6
	56	8.184158E+01	2.511886E-01	1.510794E+02	-3.497068E+00	1.000000E+00	1.511199E+02	-1.326001E+00	1.000000E-07	-4.680000E-01	6
	57	9.186532E+01	1.995262E-01	1.496859E+02	-3.432953E+00	1.000000E+00	1.497253E+02	-1.313813E+00	1.000000E-07	-4.680000E-01	6
	58	1.044845E+02	1.584893E-01	1.510802E+02	-3.482547E+00	1.000000E+00	1.511203E+02	-1.320490E+00	1.000000E-07	-4.680000E-01	6
	59	1.203710E+02	1.258925E-01	1.507482E+02	-3.161953E+00	1.000000E+00	1.507814E+02	-1.201606E+00	1.000000E-07	-4.680000E-01	6
	60	1.403710E+02	1.000000E-01	1.506401E+02	-1.328189E+00	1.000000E+00	1.506459E+02	-5.051621E-01	1.000000E-07	-4.680000E-01	6
	61	1.655495E+02	7.943282E-02	1.509426E+02	-1.528059E+00	1.000000E+00	1.509504E+02	-5.800107E-01	1.000000E-07	-4.680000E-01	6
	62	1.972474E+02	6.309573E-02	1.513504E+02	-1.097657E+00	1.000000E+00	1.513544E+02	-4.155260E-01	1.000000E-07	-4.680000E-01	6
	63	2.371527E+02	5.011872E-02	1.521719E+02	-2.200878E+00	1.000000E+00	1.521878E+02	-8.286171E-01	1.000000E-07	-4.680000E-01	6
	64	2.873904E+02	3.981072E-02	1.508633E+02	-3.776408E-01	1.000000E+00	1.508638E+02	-1.434224E-01	1.000000E-07	-4.680000E-01	6
	65	3.506359E+02	3.162278E-02	1.517286E+02	-4.978171E-01	1.000000E+00	1.517295E+02	-1.879851E-01	1.000000E-07	-4.680000E-01	6
	66	4.302574E+02	2.511886E-02	1.514505E+02	-1.310370E+00	1.000000E+00	1.514561E+02	-4.957183E-01	1.000000E-07	-4.680000E-01	6
	67	5.304948E+02	1.995262E-02	1.515735E+02	-8.096925E-01	1.000000E+00	1.515756E+02	-3.060662E-01	1.000000E-07	-4.680000E-01	6
	68	6.566863E+02	1.584893E-02	1.524042E+02	-2.703941E-01	1.000000E+00	1.524044E+02	-1.016535E-01	1.000000E-07	-4.680000E-01	6
	69	8.155519E+02	1.258925E-02	1.521409E+02	-3.222179E-01	1.000000E+00	1.521412E+02	-1.213461E-01	1.000000E-07	-4.680000E-01	6
	70	1.015552E+03	1.000000E-02	1.526417E+02	-4.686390E-01	1.000000E+00	1.526424E+02	-1.759084E-01	1.000000E-07	-4.680000E-01	6
EXPERIMENTABORTED	TOGGLE	F	Experiment Aborted
