EXPLAIN
TAG	EISPOT
TITLE	LABEL	Potentiostatic EIS epoxy_1h	Test &Identifier
DATE	LABEL	9/24/2026	Date
TIME	LABEL	10:00:00	Time
NOTES	NOTES	2	&Notes...
	Synthetic example data generated by make_example_data.py
	Not a real measurement
PSTAT	PSTAT	REF600-00000	Potentiostat
VDC	POTEN	0.000000E+00	T	DC &Voltage (V)
VACAMPL	QUANT	1.000000E+01	AC &Voltage (mV rms)
FREQINIT	QUANT	1.000000E+05	&Initial Freq. (Hz)
FREQFINAL	QUANT	1.000000E-02	&Final Freq. (Hz)
PTSPERDEC	QUANT	7.000000E+00	&Points/decade
AREA	QUANT	3.140000E+00	&Area (cm^2)
EOC	QUANT	-3.120000E-01	Open Circuit (V)
OCVCURVE	TABLE	5
	Pt	T	Vf	Vm	Ach	Over	Temp
	#	s	V vs. Ref.	V	V	bits	deg C
	0	0.000000E+00	-3.121522E-01	-3.121522E-01	0.000000E+00	...........	2.500000E+01
	1	5.000000E-01	-3.124500E-01	-3.124500E-01	0.000000E+00	...........	2.500000E+01
	2	1.000000E+00	-3.119180E-01	-3.119180E-01	0.000000E+00	...........	2.500000E+01
	3	1.500000E+00	-3.108776E-01	-3.108776E-01	0.000000E+00	...........	2.500000E+01
	4	2.000000E+00	-3.124159E-01	-3.124159E-01	0.000000E+00	...........	2.500000E+01
ZCURVE	TABLE
	Pt	Time	Freq	Zreal	Zimag	Zsig	Zmod	Zphz	Idc	Vdc	IERange
	#	s	Hz	ohm	ohm	V	ohm	°	A	V	#
	0	1.000000E+00	1.000000E+05	6.601825E+01	-6.546881E+02	1.000000E+00	6.580083E+02	-8.424180E+01	1.000000E-09	-3.120000E-01	10
	1	2.000000E+00	7.196857E+04	8.605171E+01	-9.019226E+02	1.000000E+00	9.060184E+02	-8.454995E+01	1.000000E-09	-3.120000E-01	10
	2	3.000000E+00	5.179475E+04	1.095378E+02	-1.226495E+03	1.000000E+00	1.231377E+03	-8.489648E+01	1.000000E-09	-3.120000E-01	10
	3	4.000000E+00	3.727594E+04	1.403128E+02	-1.673029E+03	1.000000E+00	1.678902E+03	-8.520596E+01	1.000000E-09	-3.120000E-01	10
	4	5.000000E+00	2.682696E+04	1.905402E+02	-2.293789E+03	1.000000E+00	2.301689E+03	-8.525146E+01	1.000000E-09	-3.120000E-01	10
	5	6.000000E+00	1.930698E+04	2.484293E+02	-3.124256E+03	1.000000E+00	3.134117E+03	-8.545362E+01	1.000000E-09	-3.120000E-01	10
	6	7.000000E+00	1.389495E+04	3.523848E+02	-4.283204E+03	1.000000E+00	4.297675E+03	-8.529679E+01	1.000000E-09	-3.120000E-01	10
	7	8.000000E+00	1.000000E+04	5.064666E+02	-5.837173E+03	1.000000E+00	5.859104E+03	-8.504111E+01	1.000000E-09	-3.120000E-01	10
	8	9.000000E+00	7.196857E+03	6.281815E+02	-7.953658E+03	1.000000E+00	7.978426E+03	-8.548414E+01	1.000000E-09	-3.120000E-01	10
	9	1.000000E+01	5.179475E+03	8.477575E+02	-1.096406E+04	1.000000E+00	1.099678E+04	-8.557860E+01	1.000000E-09	-3.120000E-01	10
	10	1.100000E+01	3.727594E+03	1.220118E+03	-1.493328E+04	1.000000E+00	1.498304E+04	-8.532905E+01	1.000000E-09	-3.120000E-01	10
	11	1.200000E+01	2.682696E+03	1.651624E+03	-2.046586E+04	1.000000E+00	2.053240E+04	-8.538615E+01	1.000000E-09	-3.120000E-01	10
	12	1.300000E+01	1.930698E+03	2.224220E+03	-2.790715E+04	1.000000E+00	2.799564E+04	-8.544312E+01	1.000000E-09	-3.120000E-01	10
	13	1.400000E+01	1.389495E+03	2.876549E+03	-3.834555E+04	1.000000E+00	3.845329E+04	-8.570991E+01	1.000000E-09	-3.120000E-01	10
	14	1.500000E+01	1.000000E+03	4.115694E+03	-5.228449E+04	1.000000E+00	5.244623E+04	-8.549911E+01	1.000000E-09	-3.120000E-01	10
	15	1.600000E+01	7.196857E+02	5.828539E+03	-7.135421E+04	1.000000E+00	7.159186E+04	-8.533019E+01	1.000000E-09	-3.120000E-01	10
	16	1.700000E+01	5.179475E+02	7.165855E+03	-9.710055E+04	1.000000E+00	9.736461E+04	-8.577932E+01	1.000000E-09	-3.120000E-01	10
	17	1.800000E+01	3.727594E+02	1.026681E+04	-1.325876E+05	1.000000E+00	1.329845E+05	-8.557218E+01	1.000000E-09	-3.120000E-01	10
	18	1.900000E+01	2.682696E+02	1.298010E+04	-1.830269E+05	1.000000E+00	1.834866E+05	-8.594343E+01	1.000000E-09	-3.120000E-01	10
	19	2.000000E+01	1.930698E+02	1.836005E+04	-2.496364E+05	1.000000E+00	2.503107E+05	-8.579363E+01	1.000000E-09	-3.120000E-01	10
	20	2.100000E+01	1.389495E+02	2.436043E+04	-3.392392E+05	1.000000E+00	3.401127E+05	-8.589270E+01	1.000000E-09	-3.120000E-01	10
	21	2.200000E+01	1.000000E+02	3.633349E+04	-4.685981E+05	1.000000E+00	4.700046E+05	-8.556635E+01	1.000000E-09	-3.120000E-01	10
	22	2.300000E+01	7.196857E+01	4.710890E+04	-6.365812E+05	1.000000E+00	6.383219E+05	-8.576766E+01	1.000000E-09	-3.120000E-01	10
	23	2.400000E+01	5.179475E+01	6.990459E+04	-8.687976E+05	1.000000E+00	8.716054E+05	-8.539982E+01	1.000000E-09	-3.120000E-01	10
	24	2.500000E+01	3.727594E+01	9.529191E+04	-1.181000E+06	1.000000E+00	1.184839E+06	-8.538694E+01	1.000000E-09	-3.120000E-01	10
	25	2.600000E+01	2.682696E+01	1.285561E+05	-1.617833E+06	1.000000E+00	1.622932E+06	-8.545671E+01	1.000000E-09	-3.120000E-01	10
	26	2.700000E+01	1.930698E+01	1.560080E+05	-2.220181E+06	1.000000E+00	2.225655E+06	-8.598054E+01	1.000000E-09	-3.120000E-01	10
	27	2.800000E+01	1.389495E+01	2.392102E+05	-3.034799E+06	1.000000E+00	3.044212E+06	-8.549312E+01	1.000000E-09	-3.120000E-01	10
	28	2.900000E+01	1.000000E+01	3.386921E+05	-4.145494E+06	1.000000E+00	4.159307E+06	-8.532924E+01	1.000000E-09	-3.120000E-01	10
	29	3.000000E+01	7.196857E+00	4.733079E+05	-5.624777E+06	1.000000E+00	5.644655E+06	-8.519007E+01	1.000000E-09	-3.120000E-01	10
	30	3.100000E+01	5.179475E+00	6.084197E+05	-7.746583E+06	1.000000E+00	7.770439E+06	-8.550919E+01	1.000000E-09	-3.120000E-01	10
	31	3.200000E+01	3.727594E+00	8.996151E+05	-1.057893E+07	1.000000E+00	1.061712E+07	-8.513936E+01	1.000000E-09	-3.120000E-01	10
	32	3.300000E+01	2.682696E+00	1.244166E+06	-1.441377E+07	1.000000E+00	1.446736E+07	-8.506658E+01	1.000000E-09	-3.120000E-01	10
	33	3.403589E+01	1.930698E+00	1.795271E+06	-1.972355E+07	1.000000E+00	1.980509E+07	-8.479917E+01	1.000000E-09	-3.120000E-01	10
	34	3.547527E+01	1.389495E+00	2.807536E+06	-2.693730E+07	1.000000E+00	2.708321E+07	-8.404984E+01	1.000000E-09	-3.120000E-01	10
	35	3.747527E+01	1.000000E+00	3.842801E+06	-3.689495E+07	1.000000E+00	3.709454E+07	-8.405379E+01	1.000000E-09	-3.120000E-01	10
	36	4.025426E+01	7.196857E-01	5.931954E+06	-5.008646E+07	1.000000E+00	5.043651E+07	-8.324568E+01	1.000000E-09	-3.120000E-01	10
	37	4.411565E+01	5.179475E-01	9.328544E+06	-6.833088E+07	1.000000E+00	6.896471E+07	-8.222603E+01	1.000000E-09	-3.120000E-01	10
	38	4.948104E+01	3.727594E-01	1.398263E+07	-9.227081E+07	1.000000E+00	9.332426E+07	-8.138301E+01	1.000000E-09	-3.120000E-01	10
	39	5.693623E+01	2.682696E-01	2.252885E+07	-1.247640E+08	1.000000E+00	1.267817E+08	-7.976430E+01	1.000000E-09	-3.120000E-01	10
	40	6.729518E+01	1.930698E-01	3.705923E+07	-1.692740E+08	1.000000E+00	1.732832E+08	-7.765105E+01	1.000000E-09	-3.120000E-01	10
	41	8.168889E+01	1.389495E-01	6.090747E+07	-2.243879E+08	1.000000E+00	2.325073E+08	-7.481364E+01	1.000000E-09	-3.120000E-01	10
	42	1.016889E+02	1.000000E-01	9.677358E+07	-2.981590E+08	1.000000E+00	3.134708E+08	-7.201811E+01	1.000000E-09	-3.120000E-01	10
	43	1.294788E+02	7.196857E-02	1.657639E+08	-3.747798E+08	1.000000E+00	4.098019E+08	-6.614034E+01	1.000000E-09	-3.120000E-01	10
	44	1.680928E+02	5.179475E-02	2.750759E+08	-4.692752E+08	1.000000E+00	5.439540E+08	-5.962237E+01	1.000000E-09	-3.120000E-01	10
	45	2.217467E+02	3.727594E-02	3.900539E+08	-5.395574E+08	1.000000E+00	6.657809E+08	-5.413628E+01	1.000000E-09	-3.120000E-01	10
	46	2.962985E+02	2.682696E-02	5.877766E+08	-6.009218E+08	1.000000E+00	8.405881E+08	-4.563358E+01	1.000000E-09	-3.120000E-01	10
	47	3.998880E+02	1.930698E-02	7.622045E+08	-5.720683E+08	1.000000E+00	9.530047E+08	-3.688986E+01	1.000000E-09	-3.120000E-01	10
	48	5.438252E+02	1.389495E-02	9.142532E+08	-5.458425E+08	1.000000E+00	1.064802E+09	-3.083874E+01	1.000000E-09	-3.120000E-01	10
	49	7.438252E+02	1.000000E-02	1.081061E+09	-4.703635E+08	1.000000E+00	1.178955E+09	-2.351358E+01	1.000000E-09	-3.120000E-01	10
EXPERIMENTABORTED	TOGGLE	F	Experiment Aborted
