EXPLAIN
TAG	EISPOT
TITLE	LABEL	Potentiostatic EIS epoxy_24h	Test &Identifier
DATE	LABEL	9/24/2026	Date
TIME	LABEL	10:07:00	Time
NOTES	NOTES	2	&Notes...
	Synthetic example data generated by make_example_data.py
	Not a real measurement
PSTAT	PSTAT	REF600-00000	Potentiostat
VDC	POTEN	0.000000E+00	T	DC &Voltage (V)
VACAMPL	QUANT	1.000000E+01	AC &Voltage (mV rms)
FREQINIT	QUANT	1.000000E+05	&Initial Freq. (Hz)
FREQFINAL	QUANT	1.000000E-02	&Final Freq. (Hz)
PTSPERDEC	QUANT	7.000000E+00	&Points/decade
AREA	QUANT	3.140000E+00	&Area (cm^2)
EOC	QUANT	-4.050000E-01	Open Circuit (V)
OCVCURVE	TABLE	5
	Pt	T	Vf	Vm	Ach	Over	Temp
	#	s	V vs. Ref.	V	V	bits	deg C
	0	0.000000E+00	-4.042578E-01	-4.042578E-01	0.000000E+00	...........	2.500000E+01
	1	5.000000E-01	-4.055726E-01	-4.055726E-01	0.000000E+00	...........	2.500000E+01
	2	1.000000E+00	-4.058443E-01	-4.058443E-01	0.000000E+00	...........	2.500000E+01
	3	1.500000E+00	-4.045916E-01	-4.045916E-01	0.000000E+00	...........	2.500000E+01
	4	2.000000E+00	-4.055075E-01	-4.055075E-01	0.000000E+00	...........	2.500000E+01
ZCURVE	TABLE
	Pt	Time	Freq	Zreal	Zimag	Zsig	Zmod	Zphz	Idc	Vdc	IERange
	#	s	Hz	ohm	ohm	V	ohm	°	A	V	#
	0	1.000000E+00	1.000000E+05	5.757645E+01	-4.013361E+02	1.000000E+00	4.054450E+02	-8.183594E+01	1.000000E-09	-4.050000E-01	10
	1	2.000000E+00	7.196857E+04	7.487770E+01	-5.473301E+02	1.000000E+00	5.524282E+02	-8.220999E+01	1.000000E-09	-4.050000E-01	10
	2	3.000000E+00	5.179475E+04	9.740391E+01	-7.414928E+02	1.000000E+00	7.478630E+02	-8.251637E+01	1.000000E-09	-4.050000E-01	10
	3	4.000000E+00	3.727594E+04	1.244268E+02	-9.968901E+02	1.000000E+00	1.004625E+03	-8.288542E+01	1.000000E-09	-4.050000E-01	10
	4	5.000000E+00	2.682696E+04	1.636708E+02	-1.366414E+03	1.000000E+00	1.376181E+03	-8.316958E+01	1.000000E-09	-4.050000E-01	10
	5	6.000000E+00	1.930698E+04	2.238965E+02	-1.858257E+03	1.000000E+00	1.871697E+03	-8.312970E+01	1.000000E-09	-4.050000E-01	10
	6	7.000000E+00	1.389495E+04	2.970648E+02	-2.509181E+03	1.000000E+00	2.526704E+03	-8.324812E+01	1.000000E-09	-4.050000E-01	10
	7	8.000000E+00	1.000000E+04	3.769419E+02	-3.392428E+03	1.000000E+00	3.413305E+03	-8.365972E+01	1.000000E-09	-4.050000E-01	10
	8	9.000000E+00	7.196857E+03	5.245820E+02	-4.659815E+03	1.000000E+00	4.689250E+03	-8.357693E+01	1.000000E-09	-4.050000E-01	10
	9	1.000000E+01	5.179475E+03	7.102118E+02	-6.295837E+03	1.000000E+00	6.335769E+03	-8.356387E+01	1.000000E-09	-4.050000E-01	10
	10	1.100000E+01	3.727594E+03	9.220153E+02	-8.563416E+03	1.000000E+00	8.612909E+03	-8.385469E+01	1.000000E-09	-4.050000E-01	10
	11	1.200000E+01	2.682696E+03	1.308644E+03	-1.168058E+04	1.000000E+00	1.175366E+04	-8.360748E+01	1.000000E-09	-4.050000E-01	10
	12	1.300000E+01	1.930698E+03	1.701793E+03	-1.570228E+04	1.000000E+00	1.579423E+04	-8.381450E+01	1.000000E-09	-4.050000E-01	10
	13	1.400000E+01	1.389495E+03	2.464681E+03	-2.138654E+04	1.000000E+00	2.152809E+04	-8.342598E+01	1.000000E-09	-4.050000E-01	10
	14	1.500000E+01	1.000000E+03	3.253258E+03	-2.902836E+04	1.000000E+00	2.921009E+04	-8.360545E+01	1.000000E-09	-4.050000E-01	10
	15	1.600000E+01	7.196857E+02	4.401030E+03	-3.954622E+04	1.000000E+00	3.979035E+04	-8.364978E+01	1.000000E-09	-4.050000E-01	10
	16	1.700000E+01	5.179475E+02	5.833668E+03	-5.343630E+04	1.000000E+00	5.375379E+04	-8.376966E+01	1.000000E-09	-4.050000E-01	10
	17	1.800000E+01	3.727594E+02	8.071705E+03	-7.284631E+04	1.000000E+00	7.329214E+04	-8.367716E+01	1.000000E-09	-4.050000E-01	10
	18	1.900000E+01	2.682696E+02	1.024056E+04	-9.875092E+04	1.000000E+00	9.928048E+04	-8.407954E+01	1.000000E-09	-4.050000E-01	10
	19	2.000000E+01	1.930698E+02	1.442621E+04	-1.345980E+05	1.000000E+00	1.353689E+05	-8.388239E+01	1.000000E-09	-4.050000E-01	10
	20	2.100000E+01	1.389495E+02	2.078628E+04	-1.828204E+05	1.000000E+00	1.839983E+05	-8.351345E+01	1.000000E-09	-4.050000E-01	10
	21	2.200000E+01	1.000000E+02	2.594198E+04	-2.456628E+05	1.000000E+00	2.470287E+05	-8.397191E+01	1.000000E-09	-4.050000E-01	10
	22	2.300000E+01	7.196857E+01	3.960480E+04	-3.359801E+05	1.000000E+00	3.383063E+05	-8.327709E+01	1.000000E-09	-4.050000E-01	10
	23	2.400000E+01	5.179475E+01	4.969759E+04	-4.545937E+05	1.000000E+00	4.573021E+05	-8.376102E+01	1.000000E-09	-4.050000E-01	10
	24	2.500000E+01	3.727594E+01	7.495211E+04	-6.177913E+05	1.000000E+00	6.223214E+05	-8.308253E+01	1.000000E-09	-4.050000E-01	10
	25	2.600000E+01	2.682696E+01	9.865166E+04	-8.396969E+05	1.000000E+00	8.454721E+05	-8.329933E+01	1.000000E-09	-4.050000E-01	10
	26	2.700000E+01	1.930698E+01	1.456182E+05	-1.139448E+06	1.000000E+00	1.148715E+06	-8.271724E+01	1.000000E-09	-4.050000E-01	10
	27	2.800000E+01	1.389495E+01	2.014445E+05	-1.538128E+06	1.000000E+00	1.551263E+06	-8.253859E+01	1.000000E-09	-4.050000E-01	10
	28	2.900000E+01	1.000000E+01	2.736831E+05	-2.092570E+06	1.000000E+00	2.110392E+06	-8.254869E+01	1.000000E-09	-4.050000E-01	10
	29	3.000000E+01	7.196857E+00	4.295780E+05	-2.832158E+06	1.000000E+00	2.864551E+06	-8.137519E+01	1.000000E-09	-4.050000E-01	10
	30	3.100000E+01	5.179475E+00	6.338175E+05	-3.828070E+06	1.000000E+00	3.880186E+06	-8.059877E+01	1.000000E-09	-4.050000E-01	10
	31	3.200000E+01	3.727594E+00	9.153143E+05	-5.143795E+06	1.000000E+00	5.224598E+06	-7.991010E+01	1.000000E-09	-4.050000E-01	10
	32	3.300000E+01	2.682696E+00	1.392819E+06	-6.937612E+06	1.000000E+00	7.076045E+06	-7.864801E+01	1.000000E-09	-4.050000E-01	10
	33	3.403589E+01	1.930698E+00	2.173403E+06	-9.305110E+06	1.000000E+00	9.555562E+06	-7.685307E+01	1.000000E-09	-4.050000E-01	10
	34	3.547527E+01	1.389495E+00	3.394587E+06	-1.241830E+07	1.000000E+00	1.287391E+07	-7.471149E+01	1.000000E-09	-4.050000E-01	10
	35	3.747527E+01	1.000000E+00	5.573578E+06	-1.635993E+07	1.000000E+00	1.728329E+07	-7.118681E+01	1.000000E-09	-4.050000E-01	10
	36	4.025426E+01	7.196857E-01	8.729414E+06	-2.084059E+07	1.000000E+00	2.259497E+07	-6.727285E+01	1.000000E-09	-4.050000E-01	10
	37	4.411565E+01	5.179475E-01	1.382228E+07	-2.597162E+07	1.000000E+00	2.942075E+07	-6.197779E+01	1.000000E-09	-4.050000E-01	10
	38	4.948104E+01	3.727594E-01	2.098330E+07	-3.103986E+07	1.000000E+00	3.746694E+07	-5.594085E+01	1.000000E-09	-4.050000E-01	10
	39	5.693623E+01	2.682696E-01	3.045934E+07	-3.447678E+07	1.000000E+00	4.600456E+07	-4.854024E+01	1.000000E-09	-4.050000E-01	10
	40	6.729518E+01	1.930698E-01	4.108924E+07	-3.545482E+07	1.000000E+00	5.427127E+07	-4.079004E+01	1.000000E-09	-4.050000E-01	10
	41	8.168889E+01	1.389495E-01	5.223777E+07	-3.357285E+07	1.000000E+00	6.209606E+07	-3.272857E+01	1.000000E-09	-4.050000E-01	10
	42	1.016889E+02	1.000000E-01	6.078077E+07	-2.945099E+07	1.000000E+00	6.754008E+07	-2.585225E+01	1.000000E-09	-4.050000E-01	10
	43	1.294788E+02	7.196857E-02	6.799149E+07	-2.486268E+07	1.000000E+00	7.239472E+07	-2.008612E+01	1.000000E-09	-4.050000E-01	10
	44	1.680928E+02	5.179475E-02	7.193549E+07	-1.862788E+07	1.000000E+00	7.430822E+07	-1.451799E+01	1.000000E-09	-4.050000E-01	10
	45	2.217467E+02	3.727594E-02	7.438279E+07	-1.583967E+07	1.000000E+00	7.605061E+07	-1.202146E+01	1.000000E-09	-4.050000E-01	10
	46	2.962985E+02	2.682696E-02	7.639507E+07	-1.090366E+07	1.000000E+00	7.716928E+07	-8.122808E+00	1.000000E-09	-4.050000E-01	10
	47	3.998880E+02	1.930698E-02	7.734887E+07	-8.272730E+06	1.000000E+00	7.779001E+07	-6.104775E+00	1.000000E-09	-4.050000E-01	10
	48	5.438252E+02	1.389495E-02	7.838370E+07	-5.846144E+06	1.000000E+00	7.860141E+07	-4.265432E+00	1.000000E-09	-4.050000E-01	10
	49	7.438252E+02	1.000000E-02	7.856542E+07	-3.560169E+06	1.000000E+00	7.864604E+07	-2.594567E+00	1.000000E-09	-4.050000E-01	10
EXPERIMENTABORTED	TOGGLE	F	Experiment Aborted
