EXPLAIN
TAG	EISPOT
TITLE	LABEL	Potentiostatic EIS epoxy_30d	Test &Identifier
DATE	LABEL	9/24/2026	Date
TIME	LABEL	10:21:00	Time
NOTES	NOTES	2	&Notes...
	Synthetic example data generated by make_example_data.py
	Not a real measurement
PSTAT	PSTAT	REF600-00000	Potentiostat
VDC	POTEN	0.000000E+00	T	DC &Voltage (V)
VACAMPL	QUANT	1.000000E+01	AC &Voltage (mV rms)
FREQINIT	QUANT	1.000000E+05	&Initial Freq. (Hz)
FREQFINAL	QUANT	1.000000E-02	&Final Freq. (Hz)
PTSPERDEC	QUANT	7.000000E+00	&Points/decade
AREA	QUANT	3.140000E+00	&Area (cm^2)
EOC	QUANT	-6.110000E-01	Open Circuit (V)
OCVCURVE	TABLE	5
	Pt	T	Vf	Vm	Ach	Over	Temp
	#	s	V vs. Ref.	V	V	bits	deg C
	0	0.000000E+00	-6.103261E-01	-6.103261E-01	0.000000E+00	...........	2.500000E+01
	1	5.000000E-01	-6.107010E-01	-6.107010E-01	0.000000E+00	...........	2.500000E+01
	2	1.000000E+00	-6.103283E-01	-6.103283E-01	0.000000E+00	...........	2.500000E+01
	3	1.500000E+00	-6.111919E-01	-6.111919E-01	0.000000E+00	...........	2.500000E+01
	4	2.000000E+00	-6.111479E-01	-6.111479E-01	0.000000E+00	...........	2.500000E+01
ZCURVE	TABLE	50
	Pt	Time	Freq	Zreal	Zimag	Zsig	Zmod	Zphz	Idc	Vdc	IERange
	#	s	Hz	ohm	ohm	V	ohm	°	A	V	#
	0	1.000000E+00	1.000000E+05	5.398562E+01	-2.053359E+02	1.000000E+00	2.123141E+02	-7.526953E+01	1.000000E-09	-6.110000E-01	10
	1	2.000000E+00	7.196857E+04	6.855429E+01	-2.726486E+02	1.000000E+00	2.811351E+02	-7.588622E+01	1.000000E-09	-6.110000E-01	10
	2	3.000000E+00	5.179475E+04	8.518634E+01	-3.659798E+02	1.000000E+00	3.757631E+02	-7.689700E+01	1.000000E-09	-6.110000E-01	10
	3	4.000000E+00	3.727594E+04	1.099146E+02	-4.896780E+02	1.000000E+00	5.018623E+02	-7.734890E+01	1.000000E-09	-6.110000E-01	10
	4	5.000000E+00	2.682696E+04	1.431027E+02	-6.582920E+02	1.000000E+00	6.736666E+02	-7.773558E+01	1.000000E-09	-6.110000E-01	10
	5	6.000000E+00	1.930698E+04	1.894400E+02	-8.710777E+02	1.000000E+00	8.914392E+02	-7.773050E+01	1.000000E-09	-6.110000E-01	10
	6	7.000000E+00	1.389495E+04	2.435393E+02	-1.173194E+03	1.000000E+00	1.198205E+03	-7.827273E+01	1.000000E-09	-6.110000E-01	10
	7	8.000000E+00	1.000000E+04	3.352056E+02	-1.561011E+03	1.000000E+00	1.596596E+03	-7.788057E+01	1.000000E-09	-6.110000E-01	10
	8	9.000000E+00	7.196857E+03	4.484653E+02	-2.061120E+03	1.000000E+00	2.109345E+03	-7.772472E+01	1.000000E-09	-6.110000E-01	10
	9	1.000000E+01	5.179475E+03	6.329374E+02	-2.746068E+03	1.000000E+00	2.818066E+03	-7.702065E+01	1.000000E-09	-6.110000E-01	10
	10	1.100000E+01	3.727594E+03	8.492930E+02	-3.664846E+03	1.000000E+00	3.761967E+03	-7.695256E+01	1.000000E-09	-6.110000E-01	10
	11	1.200000E+01	2.682696E+03	1.215668E+03	-4.896652E+03	1.000000E+00	5.045299E+03	-7.605734E+01	1.000000E-09	-6.110000E-01	10
	12	1.300000E+01	1.930698E+03	1.747031E+03	-6.448802E+03	1.000000E+00	6.681254E+03	-7.484196E+01	1.000000E-09	-6.110000E-01	10
	13	1.400000E+01	1.389495E+03	2.440951E+03	-8.518825E+03	1.000000E+00	8.861638E+03	-7.401108E+01	1.000000E-09	-6.110000E-01	10
	14	1.500000E+01	1.000000E+03	3.544152E+03	-1.111505E+04	1.000000E+00	1.166642E+04	-7.231456E+01	1.000000E-09	-6.110000E-01	10
	15	1.600000E+01	7.196857E+02	5.280050E+03	-1.435977E+04	1.000000E+00	1.529974E+04	-6.981166E+01	1.000000E-09	-6.110000E-01	10
	16	1.700000E+01	5.179475E+02	7.834882E+03	-1.860643E+04	1.000000E+00	2.018873E+04	-6.716479E+01	1.000000E-09	-6.110000E-01	10
	17	1.800000E+01	3.727594E+02	1.156861E+04	-2.354961E+04	1.000000E+00	2.623770E+04	-6.383769E+01	1.000000E-09	-6.110000E-01	10
	18	1.900000E+01	2.682696E+02	1.730657E+04	-2.890467E+04	1.000000E+00	3.368972E+04	-5.908908E+01	1.000000E-09	-6.110000E-01	10
	19	2.000000E+01	1.930698E+02	2.526455E+04	-3.384508E+04	1.000000E+00	4.223490E+04	-5.325954E+01	1.000000E-09	-6.110000E-01	10
	20	2.100000E+01	1.389495E+02	3.466501E+04	-3.780738E+04	1.000000E+00	5.129386E+04	-4.748276E+01	1.000000E-09	-6.110000E-01	10
	21	2.200000E+01	1.000000E+02	4.592598E+04	-3.983218E+04	1.000000E+00	6.079308E+04	-4.093551E+01	1.000000E-09	-6.110000E-01	10
	22	2.300000E+01	7.196857E+01	5.716018E+04	-3.862805E+04	1.000000E+00	6.898849E+04	-3.405027E+01	1.000000E-09	-6.110000E-01	10
	23	2.400000E+01	5.179475E+01	6.789609E+04	-3.574317E+04	1.000000E+00	7.672975E+04	-2.776408E+01	1.000000E-09	-6.110000E-01	10
	24	2.500000E+01	3.727594E+01	7.576312E+04	-3.029909E+04	1.000000E+00	8.159709E+04	-2.179739E+01	1.000000E-09	-6.110000E-01	10
	25	2.600000E+01	2.682696E+01	8.202309E+04	-2.513400E+04	1.000000E+00	8.578756E+04	-1.703642E+01	1.000000E-09	-6.110000E-01	10
	26	2.700000E+01	1.930698E+01	8.725108E+04	-2.025436E+04	1.000000E+00	8.957114E+04	-1.306909E+01	1.000000E-09	-6.110000E-01	10
	27	2.800000E+01	1.389495E+01	8.947008E+04	-1.664189E+04	1.000000E+00	9.100465E+04	-1.053689E+01	1.000000E-09	-6.110000E-01	10
	28	2.900000E+01	1.000000E+01	9.225412E+04	-1.290714E+04	1.000000E+00	9.315265E+04	-7.964474E+00	1.000000E-09	-6.110000E-01	10
	29	3.000000E+01	7.196857E+00	9.385326E+04	-1.054857E+04	1.000000E+00	9.444420E+04	-6.412803E+00	1.000000E-09	-6.110000E-01	10
	30	3.100000E+01	5.179475E+00	9.441564E+04	-8.728919E+03	1.000000E+00	9.481828E+04	-5.282097E+00	1.000000E-09	-6.110000E-01	10
	31	3.200000E+01	3.727594E+00	9.533082E+04	-7.374791E+03	1.000000E+00	9.561565E+04	-4.423590E+00	1.000000E-09	-6.110000E-01	10
	32	3.300000E+01	2.682696E+00	9.654394E+04	-6.900396E+03	1.000000E+00	9.679023E+04	-4.088215E+00	1.000000E-09	-6.110000E-01	10
	33	3.403589E+01	1.930698E+00	9.633964E+04	-6.538457E+03	1.000000E+00	9.656127E+04	-3.882642E+00	1.000000E-09	-6.110000E-01	10
	34	3.547527E+01	1.389495E+00	9.680926E+04	-5.627776E+03	1.000000E+00	9.697270E+04	-3.327009E+00	1.000000E-09	-6.110000E-01	10
	35	3.747527E+01	1.000000E+00	9.718301E+04	-6.319608E+03	1.000000E+00	9.738827E+04	-3.720587E+00	1.000000E-09	-6.110000E-01	10
	36	4.025426E+01	7.196857E-01	9.849413E+04	-6.814620E+03	1.000000E+00	9.872959E+04	-3.957878E+00	1.000000E-09	-6.110000E-01	10
	37	4.411565E+01	5.179475E-01	9.996728E+04	-7.518147E+03	1.000000E+00	1.002496E+05	-4.300894E+00	1.000000E-09	-6.110000E-01	10
	38	4.948104E+01	3.727594E-01	1.008479E+05	-1.003052E+04	1.000000E+00	1.013455E+05	-5.680062E+00	1.000000E-09	-6.110000E-01	10
	39	5.693623E+01	2.682696E-01	1.013980E+05	-1.151476E+04	1.000000E+00	1.020497E+05	-6.478757E+00	1.000000E-09	-6.110000E-01	10
	40	6.729518E+01	1.930698E-01	1.030586E+05	-1.350522E+04	1.000000E+00	1.039397E+05	-7.465735E+00	1.000000E-09	-6.110000E-01	10
	41	8.168889E+01	1.389495E-01	1.052247E+05	-1.641276E+04	1.000000E+00	1.064970E+05	-8.865459E+00	1.000000E-09	-6.110000E-01	10
	42	1.016889E+02	1.000000E-01	1.080915E+05	-2.048246E+04	1.000000E+00	1.100150E+05	-1.072986E+01	1.000000E-09	-6.110000E-01	10
	43	1.294788E+02	7.196857E-02	1.109314E+05	-2.399283E+04	1.000000E+00	1.134964E+05	-1.220425E+01	1.000000E-09	-6.110000E-01	10
	44	1.680928E+02	5.179475E-02	1.152798E+05	-3.038819E+04	1.000000E+00	1.192178E+05	-1.476745E+01	1.000000E-09	-6.110000E-01	10
	45	2.217467E+02	3.727594E-02	1.203483E+05	-3.870309E+04	1.000000E+00	1.264185E+05	-1.782739E+01	1.000000E-09	-6.110000E-01	10
	46	2.962985E+02	2.682696E-02	1.259940E+05	-4.682220E+04	1.000000E+00	1.344128E+05	-2.038620E+01	1.000000E-09	-6.110000E-01	10
	47	3.998880E+02	1.930698E-02	1.341720E+05	-5.488902E+04	1.000000E+00	1.449653E+05	-2.224919E+01	1.000000E-09	-6.110000E-01	10
	48	5.438252E+02	1.389495E-02	1.444601E+05	-6.711191E+04	1.000000E+00	1.592882E+05	-2.491820E+01	1.000000E-09	-6.110000E-01	10
	49	7.438252E+02	1.000000E-02	1.566700E+05	-8.430513E+04	1.000000E+00	1.779125E+05	-2.828498E+01	1.000000E-09	-6.110000E-01	10
EXPERIMENTABORTED	TOGGLE	F	Experiment Aborted
