EXPLAIN
TAG	EISGALV
TITLE	LABEL	Galvanostatic EIS epoxy 7 days	Test &Identifier
DATE	LABEL	9/24/2026	Date
TIME	LABEL	10:14:00	Time
NOTES	NOTES	2	&Notes...
	Synthetic example data generated by make_example_data.py
	Not a real measurement
PSTAT	PSTAT	REF600-00000	Potentiostat
IDC	QUANT	0.000000E+00	DC &Current (A)
IACREQ	QUANT	1.000000E-09	AC &Current (A rms)
FREQINIT	QUANT	1.000000E+05	&Initial Freq. (Hz)
FREQFINAL	QUANT	1.000000E-02	&Final Freq. (Hz)
PTSPERDEC	QUANT	7.000000E+00	&Points/decade
AREA	QUANT	3.140000E+00	&Area (cm^2)
EOC	QUANT	-5.480000E-01	Open Circuit (V)
ZCURVE	TABLE	50
	Pt	Time	Freq	Zreal	Zimag	Zsig	Zmod	Zphz	Idc	Vdc	IERange
	#	s	Hz	ohm	ohm	V	ohm	°	A	V	#
	0	1.000000E+00	1.000000E+05	6.457512E+01	-3.170238E+02	1.000000E+00	3.235337E+02	-7.848683E+01	1.000000E-09	-5.480000E-01	10
	1	2.000000E+00	7.196857E+04	8.338335E+01	-4.249115E+02	1.000000E+00	4.330156E+02	-7.889753E+01	1.000000E-09	-5.480000E-01	10
	2	3.000000E+00	5.179475E+04	1.014140E+02	-5.718893E+02	1.000000E+00	5.808117E+02	-7.994419E+01	1.000000E-09	-5.480000E-01	10
	3	4.000000E+00	3.727594E+04	1.300215E+02	-7.699616E+02	1.000000E+00	7.808626E+02	-8.041503E+01	1.000000E-09	-5.480000E-01	10
	4	5.000000E+00	2.682696E+04	1.799578E+02	-1.040498E+03	1.000000E+00	1.055946E+03	-8.018757E+01	1.000000E-09	-5.480000E-01	10
	5	6.000000E+00	1.930698E+04	2.359964E+02	-1.390137E+03	1.000000E+00	1.410026E+03	-8.036505E+01	1.000000E-09	-5.480000E-01	10
	6	7.000000E+00	1.389495E+04	3.105072E+02	-1.878053E+03	1.000000E+00	1.903548E+03	-8.061195E+01	1.000000E-09	-5.480000E-01	10
	7	8.000000E+00	1.000000E+04	4.160744E+02	-2.506747E+03	1.000000E+00	2.541043E+03	-8.057586E+01	1.000000E-09	-5.480000E-01	10
	8	9.000000E+00	7.196857E+03	5.432753E+02	-3.402489E+03	1.000000E+00	3.445589E+03	-8.092816E+01	1.000000E-09	-5.480000E-01	10
	9	1.000000E+01	5.179475E+03	7.155041E+02	-4.553181E+03	1.000000E+00	4.609057E+03	-8.106936E+01	1.000000E-09	-5.480000E-01	10
	10	1.100000E+01	3.727594E+03	9.941488E+02	-6.117463E+03	1.000000E+00	6.197716E+03	-8.076956E+01	1.000000E-09	-5.480000E-01	10
	11	1.200000E+01	2.682696E+03	1.311524E+03	-8.266837E+03	1.000000E+00	8.370226E+03	-8.098522E+01	1.000000E-09	-5.480000E-01	10
	12	1.300000E+01	1.930698E+03	1.740331E+03	-1.097455E+04	1.000000E+00	1.111168E+04	-8.098914E+01	1.000000E-09	-5.480000E-01	10
	13	1.400000E+01	1.389495E+03	2.486035E+03	-1.476415E+04	1.000000E+00	1.497199E+04	-8.044201E+01	1.000000E-09	-5.480000E-01	10
	14	1.500000E+01	1.000000E+03	3.330688E+03	-1.999338E+04	1.000000E+00	2.026891E+04	-8.054198E+01	1.000000E-09	-5.480000E-01	10
	15	1.600000E+01	7.196857E+02	4.594470E+03	-2.672308E+04	1.000000E+00	2.711517E+04	-8.024458E+01	1.000000E-09	-5.480000E-01	10
	16	1.700000E+01	5.179475E+02	6.095104E+03	-3.594290E+04	1.000000E+00	3.645603E+04	-8.037549E+01	1.000000E-09	-5.480000E-01	10
	17	1.800000E+01	3.727594E+02	8.483237E+03	-4.883130E+04	1.000000E+00	4.956270E+04	-8.014463E+01	1.000000E-09	-5.480000E-01	10
	18	1.900000E+01	2.682696E+02	1.172077E+04	-6.474567E+04	1.000000E+00	6.579801E+04	-7.973899E+01	1.000000E-09	-5.480000E-01	10
	19	2.000000E+01	1.930698E+02	1.652801E+04	-8.687471E+04	1.000000E+00	8.843297E+04	-7.922815E+01	1.000000E-09	-5.480000E-01	10
	20	2.100000E+01	1.389495E+02	2.404196E+04	-1.161908E+05	1.000000E+00	1.186520E+05	-7.830945E+01	1.000000E-09	-5.480000E-01	10
	21	2.200000E+01	1.000000E+02	3.402365E+04	-1.559137E+05	1.000000E+00	1.595829E+05	-7.768984E+01	1.000000E-09	-5.480000E-01	10
	22	2.300000E+01	7.196857E+01	5.081177E+04	-2.069108E+05	1.000000E+00	2.130584E+05	-7.620271E+01	1.000000E-09	-5.480000E-01	10
	23	2.400000E+01	5.179475E+01	7.542373E+04	-2.741164E+05	1.000000E+00	2.843036E+05	-7.461564E+01	1.000000E-09	-5.480000E-01	10
	24	2.500000E+01	3.727594E+01	1.161222E+05	-3.586284E+05	1.000000E+00	3.769598E+05	-7.205829E+01	1.000000E-09	-5.480000E-01	10
	25	2.600000E+01	2.682696E+01	1.693904E+05	-4.683355E+05	1.000000E+00	4.980273E+05	-7.011565E+01	1.000000E-09	-5.480000E-01	10
	26	2.700000E+01	1.930698E+01	2.655807E+05	-5.998798E+05	1.000000E+00	6.560403E+05	-6.611992E+01	1.000000E-09	-5.480000E-01	10
	27	2.800000E+01	1.389495E+01	3.996906E+05	-7.422094E+05	1.000000E+00	8.429872E+05	-6.169689E+01	1.000000E-09	-5.480000E-01	10
	28	2.900000E+01	1.000000E+01	5.953648E+05	-8.985678E+05	1.000000E+00	1.077907E+06	-5.647271E+01	1.000000E-09	-5.480000E-01	10
	29	3.000000E+01	7.196857E+00	8.461681E+05	-1.021622E+06	1.000000E+00	1.326542E+06	-5.036643E+01	1.000000E-09	-5.480000E-01	10
	30	3.100000E+01	5.179475E+00	1.158183E+06	-1.097849E+06	1.000000E+00	1.595826E+06	-4.346807E+01	1.000000E-09	-5.480000E-01	10
	31	3.200000E+01	3.727594E+00	1.487886E+06	-1.065099E+06	1.000000E+00	1.829820E+06	-3.559688E+01	1.000000E-09	-5.480000E-01	10
	32	3.300000E+01	2.682696E+00	1.775944E+06	-9.876123E+05	1.000000E+00	2.032082E+06	-2.907868E+01	1.000000E-09	-5.480000E-01	10
	33	3.403589E+01	1.930698E+00	2.016375E+06	-8.612214E+05	1.000000E+00	2.192594E+06	-2.312799E+01	1.000000E-09	-5.480000E-01	10
	34	3.547527E+01	1.389495E+00	2.190353E+06	-7.232370E+05	1.000000E+00	2.306668E+06	-1.827281E+01	1.000000E-09	-5.480000E-01	10
	35	3.747527E+01	1.000000E+00	2.328572E+06	-5.981585E+05	1.000000E+00	2.404172E+06	-1.440653E+01	1.000000E-09	-5.480000E-01	10
	36	4.025426E+01	7.196857E-01	2.403039E+06	-4.886185E+05	1.000000E+00	2.452212E+06	-1.149347E+01	1.000000E-09	-5.480000E-01	10
	37	4.411565E+01	5.179475E-01	2.441517E+06	-4.103074E+05	1.000000E+00	2.475754E+06	-9.539661E+00	1.000000E-09	-5.480000E-01	10
	38	4.948104E+01	3.727594E-01	2.501530E+06	-3.518620E+05	1.000000E+00	2.526155E+06	-8.006624E+00	1.000000E-09	-5.480000E-01	10
	39	5.693623E+01	2.682696E-01	2.525656E+06	-3.139144E+05	1.000000E+00	2.545090E+06	-7.084971E+00	1.000000E-09	-5.480000E-01	10
	40	6.729518E+01	1.930698E-01	2.547153E+06	-2.834985E+05	1.000000E+00	2.562881E+06	-6.350890E+00	1.000000E-09	-5.480000E-01	10
	41	8.168889E+01	1.389495E-01	2.612601E+06	-2.957619E+05	1.000000E+00	2.629289E+06	-6.458725E+00	1.000000E-09	-5.480000E-01	10
	42	1.016889E+02	1.000000E-01	2.675807E+06	-3.201092E+05	1.000000E+00	2.694886E+06	-6.821925E+00	1.000000E-09	-5.480000E-01	10
	43	1.294788E+02	7.196857E-02	2.715753E+06	-3.631082E+05	1.000000E+00	2.739921E+06	-7.615531E+00	1.000000E-09	-5.480000E-01	10
	44	1.680928E+02	5.179475E-02	2.755267E+06	-4.056262E+05	1.000000E+00	2.784965E+06	-8.374840E+00	1.000000E-09	-5.480000E-01	10
	45	2.217467E+02	3.727594E-02	2.843753E+06	-4.007467E+05	1.000000E+00	2.871851E+06	-8.021401E+00	1.000000E-09	-5.480000E-01	10
	46	2.962985E+02	2.682696E-02	2.995879E+06	-4.718610E+05	1.000000E+00	3.032811E+06	-8.950746E+00	1.000000E-09	-5.480000E-01	10
	47	3.998880E+02	1.930698E-02	3.094446E+06	-5.206588E+05	1.000000E+00	3.137942E+06	-9.550894E+00	1.000000E-09	-5.480000E-01	10
	48	5.438252E+02	1.389495E-02	3.228244E+06	-5.543800E+05	1.000000E+00	3.275499E+06	-9.744245E+00	1.000000E-09	-5.480000E-01	10
	49	7.438252E+02	1.000000E-02	3.369030E+06	-5.778029E+05	1.000000E+00	3.418219E+06	-9.731789E+00	1.000000E-09	-5.480000E-01	10
EXPERIMENTABORTED	TOGGLE	F	Experiment Aborted
