EXPLAIN
TAG	EISPOT
TITLE	LABEL	Potentiostatic EIS blank	Test &Identifier
DATE	LABEL	9/24/2026	Date
TIME	LABEL	10:00:00	Time
NOTES	NOTES	2	&Notes...
	Synthetic example data generated by make_example_data.py
	Not a real measurement
PSTAT	PSTAT	REF600-00000	Potentiostat
VDC	POTEN	0.000000E+00	T	DC &Voltage (V)
VACAMPL	QUANT	1.000000E+01	AC &Voltage (mV rms)
FREQINIT	QUANT	1.000000E+05	&Initial Freq. (Hz)
FREQFINAL	QUANT	1.000000E-02	&Final Freq. (Hz)
PTSPERDEC	QUANT	1.000000E+01	&Points/decade
AREA	QUANT	1.000000E+00	&Area (cm^2)
EOC	QUANT	-4.720000E-01	Open Circuit (V)
OCVCURVE	TABLE	5
	Pt	T	Vf	Vm	Ach	Over	Temp
	#	s	V vs. Ref.	V	V	bits	deg C
	0	0.000000E+00	-4.730660E-01	-4.730660E-01	0.000000E+00	...........	2.500000E+01
	1	5.000000E-01	-4.718661E-01	-4.718661E-01	0.000000E+00	...........	2.500000E+01
	2	1.000000E+00	-4.724065E-01	-4.724065E-01	0.000000E+00	...........	2.500000E+01
	3	1.500000E+00	-4.722077E-01	-4.722077E-01	0.000000E+00	...........	2.500000E+01
	4	2.000000E+00	-4.723060E-01	-4.723060E-01	0.000000E+00	...........	2.500000E+01
ZCURVE	TABLE
	Pt	Time	Freq	Zreal	Zimag	Zsig	Zmod	Zphz	Idc	Vdc	IERange
	#	s	Hz	ohm	ohm	V	ohm	°	A	V	#
	0	1.000000E+00	1.000000E+05	1.817618E+00	-6.100803E-02	1.000000E+00	1.818642E+00	-1.922401E+00	1.000000E-09	-4.720000E-01	10
	1	2.000000E+00	7.943282E+04	1.811051E+00	-7.042536E-02	1.000000E+00	1.812420E+00	-2.226908E+00	1.000000E-09	-4.720000E-01	10
	2	3.000000E+00	6.309573E+04	1.827989E+00	-7.333551E-02	1.000000E+00	1.829459E+00	-2.297368E+00	1.000000E-09	-4.720000E-01	10
	3	4.000000E+00	5.011872E+04	1.834107E+00	-9.189401E-02	1.000000E+00	1.836408E+00	-2.868284E+00	1.000000E-09	-4.720000E-01	10
	4	5.000000E+00	3.981072E+04	1.818597E+00	-1.071476E-01	1.000000E+00	1.821751E+00	-3.371839E+00	1.000000E-09	-4.720000E-01	10
	5	6.000000E+00	3.162278E+04	1.830231E+00	-1.386489E-01	1.000000E+00	1.835475E+00	-4.332160E+00	1.000000E-09	-4.720000E-01	10
	6	7.000000E+00	2.511886E+04	1.849168E+00	-1.624129E-01	1.000000E+00	1.856287E+00	-5.019420E+00	1.000000E-09	-4.720000E-01	10
	7	8.000000E+00	1.995262E+04	1.856022E+00	-1.928147E-01	1.000000E+00	1.866011E+00	-5.930954E+00	1.000000E-09	-4.720000E-01	10
	8	9.000000E+00	1.584893E+04	1.870606E+00	-2.407282E-01	1.000000E+00	1.886032E+00	-7.333090E+00	1.000000E-09	-4.720000E-01	10
	9	1.000000E+01	1.258925E+04	1.879232E+00	-2.842493E-01	1.000000E+00	1.900608E+00	-8.601257E+00	1.000000E-09	-4.720000E-01	10
	10	1.100000E+01	1.000000E+04	1.910817E+00	-3.523588E-01	1.000000E+00	1.943034E+00	-1.044809E+01	1.000000E-09	-4.720000E-01	10
	11	1.200000E+01	7.943282E+03	1.932412E+00	-4.218248E-01	1.000000E+00	1.977916E+00	-1.231389E+01	1.000000E-09	-4.720000E-01	10
	12	1.300000E+01	6.309573E+03	1.954006E+00	-5.084752E-01	1.000000E+00	2.019080E+00	-1.458613E+01	1.000000E-09	-4.720000E-01	10
	13	1.400000E+01	5.011872E+03	1.996119E+00	-6.194327E-01	1.000000E+00	2.090021E+00	-1.724008E+01	1.000000E-09	-4.720000E-01	10
	14	1.500000E+01	3.981072E+03	2.031597E+00	-7.305871E-01	1.000000E+00	2.158968E+00	-1.977921E+01	1.000000E-09	-4.720000E-01	10
	15	1.600000E+01	3.162278E+03	2.069998E+00	-8.897208E-01	1.000000E+00	2.253108E+00	-2.325887E+01	1.000000E-09	-4.720000E-01	10
	16	1.700000E+01	2.511886E+03	2.143216E+00	-1.066422E+00	1.000000E+00	2.393873E+00	-2.645402E+01	1.000000E-09	-4.720000E-01	10
	17	1.800000E+01	1.995262E+03	2.206533E+00	-1.278903E+00	1.000000E+00	2.550369E+00	-3.009650E+01	1.000000E-09	-4.720000E-01	10
	18	1.900000E+01	1.584893E+03	2.321405E+00	-1.539229E+00	1.000000E+00	2.785345E+00	-3.354672E+01	1.000000E-09	-4.720000E-01	10
	19	2.000000E+01	1.258925E+03	2.429933E+00	-1.847445E+00	1.000000E+00	3.052479E+00	-3.724523E+01	1.000000E-09	-4.720000E-01	10
	20	2.100000E+01	1.000000E+03	2.577075E+00	-2.228436E+00	1.000000E+00	3.406940E+00	-4.085047E+01	1.000000E-09	-4.720000E-01	10
	21	2.200000E+01	7.943282E+02	2.756814E+00	-2.675470E+00	1.000000E+00	3.841635E+00	-4.414211E+01	1.000000E-09	-4.720000E-01	10
	22	2.300000E+01	6.309573E+02	3.026132E+00	-3.193817E+00	1.000000E+00	4.399766E+00	-4.654427E+01	1.000000E-09	-4.720000E-01	10
	23	2.400000E+01	5.011872E+02	3.303121E+00	-3.843392E+00	1.000000E+00	5.067768E+00	-4.932329E+01	1.000000E-09	-4.720000E-01	10
	24	2.500000E+01	3.981072E+02	3.680567E+00	-4.565406E+00	1.000000E+00	5.864256E+00	-5.112472E+01	1.000000E-09	-4.720000E-01	10
	25	2.600000E+01	3.162278E+02	4.172002E+00	-5.405678E+00	1.000000E+00	6.828394E+00	-5.233970E+01	1.000000E-09	-4.720000E-01	10
	26	2.700000E+01	2.511886E+02	4.826191E+00	-6.362719E+00	1.000000E+00	7.986007E+00	-5.281929E+01	1.000000E-09	-4.720000E-01	10
	27	2.800000E+01	1.995262E+02	5.623827E+00	-7.402011E+00	1.000000E+00	9.296085E+00	-5.277352E+01	1.000000E-09	-4.720000E-01	10
	28	2.900000E+01	1.584893E+02	6.645279E+00	-8.657951E+00	1.000000E+00	1.091420E+01	-5.249251E+01	1.000000E-09	-4.720000E-01	10
	29	3.000000E+01	1.258925E+02	7.929199E+00	-9.931608E+00	1.000000E+00	1.270862E+01	-5.139683E+01	1.000000E-09	-4.720000E-01	10
	30	3.100000E+01	1.000000E+02	9.622129E+00	-1.117827E+01	1.000000E+00	1.474921E+01	-4.927851E+01	1.000000E-09	-4.720000E-01	10
	31	3.200000E+01	7.943282E+01	1.140149E+01	-1.260272E+01	1.000000E+00	1.699477E+01	-4.786483E+01	1.000000E-09	-4.720000E-01	10
	32	3.300000E+01	6.309573E+01	1.368083E+01	-1.373599E+01	1.000000E+00	1.938666E+01	-4.511528E+01	1.000000E-09	-4.720000E-01	10
	33	3.400000E+01	5.011872E+01	1.627773E+01	-1.487659E+01	1.000000E+00	2.205170E+01	-4.242491E+01	1.000000E-09	-4.720000E-01	10
	34	3.500000E+01	3.981072E+01	1.931068E+01	-1.549744E+01	1.000000E+00	2.476031E+01	-3.874817E+01	1.000000E-09	-4.720000E-01	10
	35	3.600000E+01	3.162278E+01	2.243550E+01	-1.586561E+01	1.000000E+00	2.747853E+01	-3.526664E+01	1.000000E-09	-4.720000E-01	10
	36	3.700000E+01	2.511886E+01	2.538387E+01	-1.565287E+01	1.000000E+00	2.982202E+01	-3.165990E+01	1.000000E-09	-4.720000E-01	10
	37	3.800000E+01	1.995262E+01	2.825449E+01	-1.494008E+01	1.000000E+00	3.196126E+01	-2.786847E+01	1.000000E-09	-4.720000E-01	10
	38	3.900000E+01	1.584893E+01	3.097333E+01	-1.437262E+01	1.000000E+00	3.414557E+01	-2.489281E+01	1.000000E-09	-4.720000E-01	10
	39	4.000000E+01	1.258925E+01	3.358143E+01	-1.291506E+01	1.000000E+00	3.597932E+01	-2.103621E+01	1.000000E-09	-4.720000E-01	10
	40	4.100000E+01	1.000000E+01	3.564505E+01	-1.164179E+01	1.000000E+00	3.749801E+01	-1.808720E+01	1.000000E-09	-4.720000E-01	10
	41	4.200000E+01	7.943282E+00	3.731177E+01	-1.042428E+01	1.000000E+00	3.874059E+01	-1.560947E+01	1.000000E-09	-4.720000E-01	10
	42	4.300000E+01	6.309573E+00	3.849480E+01	-9.246844E+00	1.000000E+00	3.958982E+01	-1.350712E+01	1.000000E-09	-4.720000E-01	10
	43	4.400000E+01	5.011872E+00	3.973263E+01	-7.771785E+00	1.000000E+00	4.048558E+01	-1.106744E+01	1.000000E-09	-4.720000E-01	10
	44	4.500000E+01	3.981072E+00	4.057838E+01	-6.746630E+00	1.000000E+00	4.113541E+01	-9.439745E+00	1.000000E-09	-4.720000E-01	10
	45	4.600000E+01	3.162278E+00	4.127357E+01	-5.620052E+00	1.000000E+00	4.165444E+01	-7.754042E+00	1.000000E-09	-4.720000E-01	10
	46	4.700000E+01	2.511886E+00	4.191419E+01	-4.778802E+00	1.000000E+00	4.218573E+01	-6.504431E+00	1.000000E-09	-4.720000E-01	10
	47	4.800237E+01	1.995262E+00	4.222061E+01	-3.753313E+00	1.000000E+00	4.238712E+01	-5.080105E+00	1.000000E-09	-4.720000E-01	10
	48	4.926429E+01	1.584893E+00	4.262389E+01	-3.416804E+00	1.000000E+00	4.276062E+01	-4.583128E+00	1.000000E-09	-4.720000E-01	10
	49	5.085295E+01	1.258925E+00	4.277553E+01	-2.999848E+00	1.000000E+00	4.288059E+01	-4.011585E+00	1.000000E-09	-4.720000E-01	10
	50	5.285295E+01	1.000000E+00	4.301572E+01	-2.327234E+00	1.000000E+00	4.307863E+01	-3.096794E+00	1.000000E-09	-4.720000E-01	10
	51	5.537080E+01	7.943282E-01	4.323516E+01	-1.927599E+00	1.000000E+00	4.327811E+01	-2.552788E+00	1.000000E-09	-4.720000E-01	10
	52	5.854058E+01	6.309573E-01	4.300146E+01	-1.400981E+00	1.000000E+00	4.302428E+01	-1.866028E+00	1.000000E-09	-4.720000E-01	10
	53	6.253111E+01	5.011872E-01	4.330040E+01	-1.215893E+00	1.000000E+00	4.331747E+01	-1.608466E+00	1.000000E-09	-4.720000E-01	10
	54	6.755488E+01	3.981072E-01	4.335617E+01	-1.068705E+00	1.000000E+00	4.336934E+01	-1.412022E+00	1.000000E-09	-4.720000E-01	10
	55	7.387944E+01	3.162278E-01	4.339294E+01	-6.842462E-01	1.000000E+00	4.339833E+01	-9.033999E-01	1.000000E-09	-4.720000E-01	10
	56	8.184158E+01	2.511886E-01	4.350980E+01	-9.864205E-01	1.000000E+00	4.352098E+01	-1.298743E+00	1.000000E-09	-4.720000E-01	10
	57	9.186532E+01	1.995262E-01	4.386205E+01	-7.580530E-01	1.000000E+00	4.386860E+01	-9.901251E-01	1.000000E-09	-4.720000E-01	10
	58	1.044845E+02	1.584893E-01	4.348563E+01	-6.978474E-01	1.000000E+00	4.349123E+01	-9.193906E-01	1.000000E-09	-4.720000E-01	10
	59	1.203710E+02	1.258925E-01	4.383487E+01	-5.125441E-01	1.000000E+00	4.383787E+01	-6.699068E-01	1.000000E-09	-4.720000E-01	10
	60	1.403710E+02	1.000000E-01	4.339535E+01	-6.089824E-01	1.000000E+00	4.339962E+01	-8.039993E-01	1.000000E-09	-4.720000E-01	10
	61	1.655495E+02	7.943282E-02	4.365034E+01	-1.942293E-01	1.000000E+00	4.365077E+01	-2.549452E-01	1.000000E-09	-4.720000E-01	10
	62	1.972474E+02	6.309573E-02	4.375332E+01	-2.918090E-01	1.000000E+00	4.375429E+01	-3.821236E-01	1.000000E-09	-4.720000E-01	10
	63	2.371527E+02	5.011872E-02	4.384054E+01	-4.668733E-01	1.000000E+00	4.384303E+01	-6.101397E-01	1.000000E-09	-4.720000E-01	10
	64	2.873904E+02	3.981072E-02	4.387325E+01	-3.513061E-01	1.000000E+00	4.387466E+01	-4.587744E-01	1.000000E-09	-4.720000E-01	10
	65	3.506359E+02	3.162278E-02	4.389656E+01	-8.890228E-02	1.000000E+00	4.389665E+01	-1.160391E-01	1.000000E-09	-4.720000E-01	10
	66	4.302574E+02	2.511886E-02	4.370399E+01	2.764271E-02	1.000000E+00	4.370400E+01	3.623949E-02	1.000000E-09	-4.720000E-01	10
	67	5.304948E+02	1.995262E-02	4.369015E+01	2.509774E-01	1.000000E+00	4.369087E+01	3.291311E-01	1.000000E-09	-4.720000E-01	10
	68	6.566863E+02	1.584893E-02	4.392634E+01	4.285601E-01	1.000000E+00	4.392843E+01	5.589792E-01	1.000000E-09	-4.720000E-01	10
	69	8.155519E+02	1.258925E-02	4.374673E+01	4.939833E-03	1.000000E+00	4.374673E+01	6.469776E-03	1.000000E-09	-4.720000E-01	10
	70	1.015552E+03	1.000000E-02	4.356023E+01	-2.293070E-01	1.000000E+00	4.356083E+01	-3.016100E-01	1.000000E-09	-4.720000E-01	10
EXPERIMENTABORTED	TOGGLE	F	Experiment Aborted
