EXPLAIN
TAG	EISPOT
TITLE	LABEL	Potentiostatic EIS inhibitor_1mM	Test &Identifier
DATE	LABEL	9/24/2026	Date
TIME	LABEL	10:14:00	Time
NOTES	NOTES	2	&Notes...
	Synthetic example data generated by make_example_data.py
	Not a real measurement
PSTAT	PSTAT	REF600-00000	Potentiostat
VDC	POTEN	0.000000E+00	T	DC &Voltage (V)
VACAMPL	QUANT	1.000000E+01	AC &Voltage (mV rms)
FREQINIT	QUANT	1.000000E+05	&Initial Freq. (Hz)
FREQFINAL	QUANT	1.000000E-02	&Final Freq. (Hz)
PTSPERDEC	QUANT	1.000000E+01	&Points/decade
AREA	QUANT	1.000000E+00	&Area (cm^2)
EOC	QUANT	-4.610000E-01	Open Circuit (V)
OCVCURVE	TABLE	5
	Pt	T	Vf	Vm	Ach	Over	Temp
	#	s	V vs. Ref.	V	V	bits	deg C
	0	0.000000E+00	-4.612670E-01	-4.612670E-01	0.000000E+00	...........	2.500000E+01
	1	5.000000E-01	-4.615349E-01	-4.615349E-01	0.000000E+00	...........	2.500000E+01
	2	1.000000E+00	-4.613271E-01	-4.613271E-01	0.000000E+00	...........	2.500000E+01
	3	1.500000E+00	-4.607861E-01	-4.607861E-01	0.000000E+00	...........	2.500000E+01
	4	2.000000E+00	-4.610946E-01	-4.610946E-01	0.000000E+00	...........	2.500000E+01
ZCURVE	TABLE
	Pt	Time	Freq	Zreal	Zimag	Zsig	Zmod	Zphz	Idc	Vdc	IERange
	#	s	Hz	ohm	ohm	V	ohm	°	A	V	#
	0	1.000000E+00	1.000000E+05	1.824455E+00	-1.154262E-01	1.000000E+00	1.828103E+00	-3.620056E+00	1.000000E-09	-4.610000E-01	10
	1	2.000000E+00	7.943282E+04	1.833306E+00	-1.597452E-01	1.000000E+00	1.840253E+00	-4.979892E+00	1.000000E-09	-4.610000E-01	10
	2	3.000000E+00	6.309573E+04	1.841311E+00	-1.945696E-01	1.000000E+00	1.851563E+00	-6.032006E+00	1.000000E-09	-4.610000E-01	10
	3	4.000000E+00	5.011872E+04	1.845052E+00	-2.287795E-01	1.000000E+00	1.859181E+00	-7.068384E+00	1.000000E-09	-4.610000E-01	10
	4	5.000000E+00	3.981072E+04	1.845253E+00	-2.750010E-01	1.000000E+00	1.865633E+00	-8.476493E+00	1.000000E-09	-4.610000E-01	10
	5	6.000000E+00	3.162278E+04	1.873973E+00	-3.436446E-01	1.000000E+00	1.905221E+00	-1.039131E+01	1.000000E-09	-4.610000E-01	10
	6	7.000000E+00	2.511886E+04	1.900763E+00	-4.096609E-01	1.000000E+00	1.944408E+00	-1.216260E+01	1.000000E-09	-4.610000E-01	10
	7	8.000000E+00	1.995262E+04	1.894783E+00	-5.062668E-01	1.000000E+00	1.961251E+00	-1.495940E+01	1.000000E-09	-4.610000E-01	10
	8	9.000000E+00	1.584893E+04	1.937785E+00	-6.199191E-01	1.000000E+00	2.034529E+00	-1.774006E+01	1.000000E-09	-4.610000E-01	10
	9	1.000000E+01	1.258925E+04	1.957253E+00	-7.609986E-01	1.000000E+00	2.099990E+00	-2.124656E+01	1.000000E-09	-4.610000E-01	10
	10	1.100000E+01	1.000000E+04	1.995331E+00	-9.148060E-01	1.000000E+00	2.195043E+00	-2.463019E+01	1.000000E-09	-4.610000E-01	10
	11	1.200000E+01	7.943282E+03	2.030008E+00	-1.144466E+00	1.000000E+00	2.330394E+00	-2.941317E+01	1.000000E-09	-4.610000E-01	10
	12	1.300000E+01	6.309573E+03	2.090493E+00	-1.415776E+00	1.000000E+00	2.524794E+00	-3.410761E+01	1.000000E-09	-4.610000E-01	10
	13	1.400000E+01	5.011872E+03	2.174548E+00	-1.686967E+00	1.000000E+00	2.752184E+00	-3.780352E+01	1.000000E-09	-4.610000E-01	10
	14	1.500000E+01	3.981072E+03	2.249060E+00	-2.087518E+00	1.000000E+00	3.068550E+00	-4.286666E+01	1.000000E-09	-4.610000E-01	10
	15	1.600000E+01	3.162278E+03	2.366573E+00	-2.541003E+00	1.000000E+00	3.472372E+00	-4.703560E+01	1.000000E-09	-4.610000E-01	10
	16	1.700000E+01	2.511886E+03	2.485623E+00	-3.083862E+00	1.000000E+00	3.960875E+00	-5.113085E+01	1.000000E-09	-4.610000E-01	10
	17	1.800000E+01	1.995262E+03	2.628896E+00	-3.820095E+00	1.000000E+00	4.637264E+00	-5.546521E+01	1.000000E-09	-4.610000E-01	10
	18	1.900000E+01	1.584893E+03	2.849450E+00	-4.654382E+00	1.000000E+00	5.457347E+00	-5.852470E+01	1.000000E-09	-4.610000E-01	10
	19	2.000000E+01	1.258925E+03	3.060473E+00	-5.688641E+00	1.000000E+00	6.459654E+00	-6.171987E+01	1.000000E-09	-4.610000E-01	10
	20	2.100000E+01	1.000000E+03	3.371178E+00	-6.915330E+00	1.000000E+00	7.693285E+00	-6.401107E+01	1.000000E-09	-4.610000E-01	10
	21	2.200000E+01	7.943282E+02	3.706787E+00	-8.389414E+00	1.000000E+00	9.171834E+00	-6.616219E+01	1.000000E-09	-4.610000E-01	10
	22	2.300000E+01	6.309573E+02	4.189058E+00	-1.022575E+01	1.000000E+00	1.105053E+01	-6.772315E+01	1.000000E-09	-4.610000E-01	10
	23	2.400000E+01	5.011872E+02	4.741891E+00	-1.247553E+01	1.000000E+00	1.334633E+01	-6.918844E+01	1.000000E-09	-4.610000E-01	10
	24	2.500000E+01	3.981072E+02	5.598525E+00	-1.530357E+01	1.000000E+00	1.629548E+01	-6.990590E+01	1.000000E-09	-4.610000E-01	10
	25	2.600000E+01	3.162278E+02	6.409712E+00	-1.869315E+01	1.000000E+00	1.976153E+01	-7.107362E+01	1.000000E-09	-4.610000E-01	10
	26	2.700000E+01	2.511886E+02	7.824835E+00	-2.249854E+01	1.000000E+00	2.382042E+01	-7.082268E+01	1.000000E-09	-4.610000E-01	10
	27	2.800000E+01	1.995262E+02	9.348987E+00	-2.737371E+01	1.000000E+00	2.892618E+01	-7.114335E+01	1.000000E-09	-4.610000E-01	10
	28	2.900000E+01	1.584893E+02	1.165333E+01	-3.304206E+01	1.000000E+00	3.503680E+01	-7.057319E+01	1.000000E-09	-4.610000E-01	10
	29	3.000000E+01	1.258925E+02	1.440181E+01	-3.990723E+01	1.000000E+00	4.242640E+01	-7.015639E+01	1.000000E-09	-4.610000E-01	10
	30	3.100000E+01	1.000000E+02	1.832921E+01	-4.821668E+01	1.000000E+00	5.158302E+01	-6.918608E+01	1.000000E-09	-4.610000E-01	10
	31	3.200000E+01	7.943282E+01	2.301546E+01	-5.772664E+01	1.000000E+00	6.214561E+01	-6.826296E+01	1.000000E-09	-4.610000E-01	10
	32	3.300000E+01	6.309573E+01	2.883590E+01	-6.908334E+01	1.000000E+00	7.485998E+01	-6.734398E+01	1.000000E-09	-4.610000E-01	10
	33	3.400000E+01	5.011872E+01	3.785506E+01	-8.179015E+01	1.000000E+00	9.012565E+01	-6.516381E+01	1.000000E-09	-4.610000E-01	10
	34	3.500000E+01	3.981072E+01	4.864109E+01	-9.658548E+01	1.000000E+00	1.081421E+02	-6.326987E+01	1.000000E-09	-4.610000E-01	10
	35	3.600000E+01	3.162278E+01	6.351223E+01	-1.117841E+02	1.000000E+00	1.285671E+02	-6.039612E+01	1.000000E-09	-4.610000E-01	10
	36	3.700000E+01	2.511886E+01	8.332779E+01	-1.274164E+02	1.000000E+00	1.522447E+02	-5.681611E+01	1.000000E-09	-4.610000E-01	10
	37	3.800000E+01	1.995262E+01	1.059429E+02	-1.421797E+02	1.000000E+00	1.773104E+02	-5.330895E+01	1.000000E-09	-4.610000E-01	10
	38	3.900000E+01	1.584893E+01	1.324882E+02	-1.563121E+02	1.000000E+00	2.049064E+02	-4.971580E+01	1.000000E-09	-4.610000E-01	10
	39	4.000000E+01	1.258925E+01	1.635967E+02	-1.652087E+02	1.000000E+00	2.325033E+02	-4.528090E+01	1.000000E-09	-4.610000E-01	10
	40	4.100000E+01	1.000000E+01	1.986813E+02	-1.708416E+02	1.000000E+00	2.620326E+02	-4.069149E+01	1.000000E-09	-4.610000E-01	10
	41	4.200000E+01	7.943282E+00	2.321145E+02	-1.699999E+02	1.000000E+00	2.877101E+02	-3.621894E+01	1.000000E-09	-4.610000E-01	10
	42	4.300000E+01	6.309573E+00	2.662905E+02	-1.626664E+02	1.000000E+00	3.120432E+02	-3.141911E+01	1.000000E-09	-4.610000E-01	10
	43	4.400000E+01	5.011872E+00	2.981591E+02	-1.556623E+02	1.000000E+00	3.363474E+02	-2.756807E+01	1.000000E-09	-4.610000E-01	10
	44	4.500000E+01	3.981072E+00	3.258616E+02	-1.409621E+02	1.000000E+00	3.550438E+02	-2.339248E+01	1.000000E-09	-4.610000E-01	10
	45	4.600000E+01	3.162278E+00	3.470848E+02	-1.258153E+02	1.000000E+00	3.691847E+02	-1.992515E+01	1.000000E-09	-4.610000E-01	10
	46	4.700000E+01	2.511886E+00	3.603036E+02	-1.113573E+02	1.000000E+00	3.771195E+02	-1.717455E+01	1.000000E-09	-4.610000E-01	10
	47	4.800237E+01	1.995262E+00	3.779930E+02	-9.368426E+01	1.000000E+00	3.894296E+02	-1.392006E+01	1.000000E-09	-4.610000E-01	10
	48	4.926429E+01	1.584893E+00	3.881763E+02	-7.748358E+01	1.000000E+00	3.958339E+02	-1.128840E+01	1.000000E-09	-4.610000E-01	10
	49	5.085295E+01	1.258925E+00	3.967283E+02	-6.668759E+01	1.000000E+00	4.022942E+02	-9.541865E+00	1.000000E-09	-4.610000E-01	10
	50	5.285295E+01	1.000000E+00	4.047261E+02	-5.506579E+01	1.000000E+00	4.084549E+02	-7.747914E+00	1.000000E-09	-4.610000E-01	10
	51	5.537080E+01	7.943282E-01	4.032747E+02	-4.430419E+01	1.000000E+00	4.057010E+02	-6.269435E+00	1.000000E-09	-4.610000E-01	10
	52	5.854058E+01	6.309573E-01	4.091126E+02	-3.601698E+01	1.000000E+00	4.106950E+02	-5.031168E+00	1.000000E-09	-4.610000E-01	10
	53	6.253111E+01	5.011872E-01	4.136665E+02	-3.169366E+01	1.000000E+00	4.148788E+02	-4.381241E+00	1.000000E-09	-4.610000E-01	10
	54	6.755488E+01	3.981072E-01	4.120412E+02	-2.379678E+01	1.000000E+00	4.127278E+02	-3.305354E+00	1.000000E-09	-4.610000E-01	10
	55	7.387944E+01	3.162278E-01	4.186486E+02	-2.129374E+01	1.000000E+00	4.191898E+02	-2.911728E+00	1.000000E-09	-4.610000E-01	10
	56	8.184158E+01	2.511886E-01	4.179752E+02	-1.903704E+01	1.000000E+00	4.184085E+02	-2.607783E+00	1.000000E-09	-4.610000E-01	10
	57	9.186532E+01	1.995262E-01	4.196868E+02	-1.548573E+01	1.000000E+00	4.199724E+02	-2.113158E+00	1.000000E-09	-4.610000E-01	10
	58	1.044845E+02	1.584893E-01	4.180234E+02	-1.437816E+01	1.000000E+00	4.182706E+02	-1.969946E+00	1.000000E-09	-4.610000E-01	10
	59	1.203710E+02	1.258925E-01	4.209059E+02	-1.125072E+01	1.000000E+00	4.210562E+02	-1.531139E+00	1.000000E-09	-4.610000E-01	10
	60	1.403710E+02	1.000000E-01	4.217774E+02	-8.605165E+00	1.000000E+00	4.218652E+02	-1.168795E+00	1.000000E-09	-4.610000E-01	10
	61	1.655495E+02	7.943282E-02	4.207253E+02	-5.209643E+00	1.000000E+00	4.207575E+02	-7.094304E-01	1.000000E-09	-4.610000E-01	10
	62	1.972474E+02	6.309573E-02	4.210088E+02	-2.481279E+00	1.000000E+00	4.210161E+02	-3.376775E-01	1.000000E-09	-4.610000E-01	10
	63	2.371527E+02	5.011872E-02	4.212945E+02	-6.731912E+00	1.000000E+00	4.213482E+02	-9.154578E-01	1.000000E-09	-4.610000E-01	10
	64	2.873904E+02	3.981072E-02	4.195663E+02	-2.946807E+00	1.000000E+00	4.195766E+02	-4.024080E-01	1.000000E-09	-4.610000E-01	10
	65	3.506359E+02	3.162278E-02	4.209177E+02	-4.708331E+00	1.000000E+00	4.209440E+02	-6.408765E-01	1.000000E-09	-4.610000E-01	10
	66	4.302574E+02	2.511886E-02	4.210272E+02	-1.620204E+00	1.000000E+00	4.210303E+02	-2.204856E-01	1.000000E-09	-4.610000E-01	10
	67	5.304948E+02	1.995262E-02	4.220261E+02	-2.202638E+00	1.000000E+00	4.220318E+02	-2.990354E-01	1.000000E-09	-4.610000E-01	10
	68	6.566863E+02	1.584893E-02	4.231430E+02	-4.709147E+00	1.000000E+00	4.231692E+02	-6.376169E-01	1.000000E-09	-4.610000E-01	10
	69	8.155519E+02	1.258925E-02	4.197357E+02	2.368174E-01	1.000000E+00	4.197358E+02	3.232661E-02	1.000000E-09	-4.610000E-01	10
	70	1.015552E+03	1.000000E-02	4.213610E+02	-2.107699E+00	1.000000E+00	4.213663E+02	-2.865981E-01	1.000000E-09	-4.610000E-01	10
EXPERIMENTABORTED	TOGGLE	F	Experiment Aborted
